0 0 0.39878416061401367 43775.020185019996
0 1 0.3723118305206299 46387.212330149996
0 2 0.5133264064788818 49647.01363491001
0 3 0.4282376766204834 48934.18079655
0 4 0.5618414878845215 40136.84017982
0 5 0.4718749523162842 47345.35752646
0 6 0.5533411502838135 53437.847596709995
0 7 0.44289326667785645 40613.16230196
0 8 0.42167043685913086 40569.026100159994
0 9 0.5370924472808838 42696.666194089994
0 10 0.41066789627075195 46532.770119149995
0 11 0.5516695976257324 53437.847596709995
0 12 0.38600587844848633 43034.29859679
0 13 0.5311732292175293 48934.180796550005
0 14 0.3971250057220459 42321.048190639995
0 15 0.5255544185638428 51979.15702908
0 16 0.40129923820495605 40074.44396612
0 17 0.39820218086242676 46742.04968152
0 18 0.5330488681793213 43855.432122009996
0 19 0.3942427635192871 41811.77517774
0 20 0.539576530456543 42826.60972948
0 21 0.40140247344970703 47345.35752646
0 22 0.5149614810943604 39649.05154182
0 23 0.40407848358154297 43211.81825664
0 24 0.5219850540161133 53685.30586908
0 25 0.3948860168457031 42644.07337563999
0 26 0.39966440200805664 53437.847596709995
0 27 0.5353314876556396 46818.59888152
0 28 0.41266417503356934 42260.625229640005
0 29 0.543994665145874 46719.18907609
0 30 0.41061997413635254 51979.15702908
0 31 0.5563340187072754 49196.51021253999
0 32 0.411121129989624 42696.666194089994
0 33 0.3971583843231201 42321.048190639995
0 34 0.5246913433074951 42698.73107802
0 35 0.3948206901550293 44106.93283012
0 36 0.533851146697998 42224.12276007
0 37 0.4185762405395508 42260.625229640005
0 38 0.5245659351348877 42321.048190639995
0 39 0.41856861114501953 40064.449756120004
0 40 0.40434956550598145 42644.07337564
0 41 0.5253186225891113 42773.215394119994
0 42 0.399275541305542 47150.12430654
0 43 0.5444238185882568 37523.62004788
0 44 0.3918497562408447 43855.432122009996
0 45 0.5355384349822998 44106.93283012
0 46 0.38978052139282227 50603.20651355
0 47 0.3986833095550537 43800.95776278
0 48 0.5590171813964844 41000.278635760005
0 49 0.39542269706726074 39114.06454568
0 50 0.5383057594299316 49647.01363491
0 51 0.3954439163208008 54091.76650208
0 52 0.510286808013916 37717.15466781
0 53 0.38760948181152344 48152.31631752
0 54 0.40929198265075684 43943.76288667
0 55 0.5409660339355469 50603.20651355
0 56 0.43711328506469727 47150.124306540005
0 57 0.523709774017334 52385.617662079996
0 58 0.4228546619415283 53437.847596709995
0 59 0.5248982906341553 52566.47347971
0 60 0.43663787841796875 46020.47480479001
0 61 0.5236077308654785 42773.21539412001
0 62 0.4181208610534668 46387.212330149996
0 63 0.547785758972168 52566.473479709995
0 64 0.38805508613586426 46719.18907609
0 65 0.42116522789001465 49647.01363491
0 66 0.5231099128723145 47226.880962459996
0 67 0.41289353370666504 52385.617662079996
0 68 0.5342628955841064 45223.04281112001
0 69 0.42141246795654297 51979.15702908
0 70 0.535999059677124 51835.98403754
0 71 0.4037353992462158 38080.00587582
0 72 0.4253973960876465 40873.23970436
0 73 0.5322589874267578 49647.01363491
0 74 0.4220736026763916 43177.61918736
0 75 0.5163569450378418 39305.738735809995
0 76 0.4640538692474365 47226.880962459996
0 77 0.4729726314544678 46818.59888152
0 78 0.5778756141662598 43855.432122009996
0 79 0.4218292236328125 47226.880962459996
0 80 0.5053565502166748 46532.770119149995
0 81 0.4228696823120117 53685.30586908
0 82 0.5411214828491211 44102.67994128999
0 83 0.4305248260498047 38989.50167382001
0 84 0.5220396518707275 49432.18897754
0 85 0.3897867202758789 50286.146617909995
0 86 0.5114166736602783 48152.31631752
0 87 0.383620023727417 45590.30725812
0 88 0.41035985946655273 53437.847596709995
0 89 0.5315902233123779 46691.43862109
0 90 0.39030981063842773 44106.93283012
0 91 0.5109760761260986 52385.617662079996
0 92 0.3933241367340088 38426.243847310005
0 93 0.5583338737487793 48934.18079655
0 94 0.41448020935058594 47345.35752646
0 95 0.422330379486084 43576.49843967
0 96 0.5224006175994873 54091.76650208
0 97 0.41094517707824707 51979.15702908
0 98 0.5134730339050293 46020.47480479
0 99 0.38870954513549805 47226.880962459996
0 100 0.5236937999725342 44677.99961015
0 101 0.41421985626220703 47226.880962459996
0 102 0.38695597648620605 51979.15702908
0 103 0.5602240562438965 40325.861080560004
0 104 0.4506218433380127 52385.617662079996
0 105 0.550480842590332 52176.71579091
0 106 0.39457106590270996 46454.43380752
0 107 0.53938889503479 49432.18897754
0 108 0.38700342178344727 43527.76272936
0 109 0.4096250534057617 42914.54413501
0 110 0.5255162715911865 46742.04968152
0 111 0.3984029293060303 46719.18907609
0 112 0.5504837036132812 51835.98403754
0 113 0.4214780330657959 42321.048190639995
0 114 0.5292758941650391 53685.305869079995
0 115 0.41098976135253906 42696.666194089994
0 116 0.5282416343688965 47150.12430654
0 117 0.3993523120880127 39573.40155487
0 118 0.5180261135101318 49632.22771254
0 119 0.422574520111084 51731.69875671
0 120 0.519695520401001 53685.30586908
0 121 0.41258907318115234 48934.180796550005
0 122 0.37491440773010254 52176.71579091
0 123 0.5224916934967041 34637.607472560005
0 124 0.4271066188812256 47345.35752646
0 125 0.5459728240966797 47226.880962459996
0 126 0.4096946716308594 43800.95776278
0 127 0.4097306728363037 46020.47480479001
0 128 0.548797607421875 46532.770119149995
0 129 0.4147510528564453 40320.333574159995
0 130 0.5156524181365967 42622.438314009996
0 131 0.42075324058532715 38356.861339380004
0 132 0.5300333499908447 39720.425022439995
0 133 0.40361523628234863 51731.69875671
0 134 0.5276391506195068 46778.218496090005
0 135 0.40773510932922363 50603.20651355
0 136 0.4231140613555908 40325.861080560004
0 137 0.5160267353057861 44677.99961015
0 138 0.4039182662963867 54091.76650208
0 139 0.52974534034729 50603.20651355
0 140 0.40376996994018555 46454.43380752
0 141 0.5342001914978027 35450.12319731001
0 142 0.39392566680908203 42773.215394119994
0 143 0.5408849716186523 38613.42284548
0 144 0.42312121391296387 43855.432122009996
0 145 0.41252708435058594 49647.01363491
0 146 0.547325611114502 41811.77517774
0 147 0.400576114654541 53437.847596709995
0 148 0.5355911254882812 50603.20651355
0 149 0.45331788063049316 39649.05154182
0 150 0.5303323268890381 49196.51021254
0 151 0.418471097946167 51979.15702908
0 152 0.5432102680206299 43775.020185019996
0 153 0.3812735080718994 43855.432122009996
0 154 0.5197732448577881 48152.31631752
0 155 0.4101419448852539 49647.01363491001
0 156 0.39328479766845703 40872.786591640004
0 157 0.5060803890228271 46742.04968152
0 158 0.4028186798095703 46404.09765138
0 159 0.39309120178222656 49196.51021253999
0 160 0.5414438247680664 51669.023904539994
0 161 0.4246647357940674 43943.76288667
0 162 0.5334281921386719 49196.51021253999
0 163 0.3984847068786621 48152.31631752
0 164 0.5515263080596924 44677.99961015
0 165 0.4434702396392822 42644.07337564
0 166 0.5396637916564941 46454.43380752
0 167 0.4222238063812256 42826.60972948
0 168 0.5272185802459717 49432.188977540005
0 169 0.4018845558166504 40325.861080560004
0 170 0.40512824058532715 47147.99017846001
0 171 0.5332140922546387 51979.15702908
0 172 0.40705275535583496 43527.76272936
0 173 0.5414397716522217 40066.03389581
0 174 0.4163365364074707 38094.785080559996
0 175 0.5166745185852051 46778.218496090005
0 176 0.40268874168395996 47226.880962459996
0 177 0.3987162113189697 46532.770119149995
0 178 0.5472826957702637 42258.84254202
0 179 0.39902567863464355 46778.218496090005
0 180 0.5422036647796631 38356.861339380004
0 181 0.408214807510376 54091.76650208
0 182 0.4084329605102539 43943.76288667
0 183 0.5204060077667236 47150.12430654
0 184 0.39650869369506836 47147.99017846
0 185 0.5258166790008545 46404.09765138
0 186 0.39656805992126465 43775.020185019996
0 187 0.39738941192626953 42826.60972948
0 188 0.5283706188201904 49196.51021254
0 189 0.40448641777038574 46719.18907609
0 190 0.5282144546508789 46742.04968152
0 191 0.40831899642944336 53685.30586908
0 192 0.5701332092285156 48934.180796550005
0 193 0.3867037296295166 40569.026100159994
0 194 0.5018503665924072 51669.023904539994
0 195 0.39844393730163574 40325.861080560004
0 196 0.5198774337768555 49196.51021254
0 197 0.41934919357299805 46742.04968152
0 198 0.5263087749481201 40136.84017982
0 199 0.3820219039916992 43775.020185019996
0.2 0 0.39328980445861816 44106.93283012
0.2 1 0.5454692840576172 46742.04968152
0.2 2 0.3861370086669922 47226.880962459996
0.2 3 0.4156606197357178 47147.99017846001
0.2 4 0.512244462966919 47147.99017846001
0.2 5 0.38626980781555176 46454.43380752
0.2 6 0.5195584297180176 47345.35752646
0.2 7 0.40521860122680664 46818.59888152
0.2 8 0.44345831871032715 37460.53403381
0.2 9 0.5176966190338135 47147.99017846
0.2 10 0.40612101554870605 46818.59888152
0.2 11 0.5955049991607666 47226.880962459996
0.2 12 0.4293820858001709 47147.99017846001
0.2 13 0.41219520568847656 44677.99961015
0.2 14 0.5355031490325928 39523.82811474
0.2 15 0.4170358180999756 47345.35752646
0.2 16 0.5078063011169434 48152.31631752
0.2 17 0.39283275604248047 44106.93283012
0.2 18 0.4044358730316162 42696.666194089994
0.2 19 0.517709493637085 46778.218496090005
0.2 20 0.4248523712158203 46818.59888152
0.2 21 0.5248887538909912 48152.31631752
0.2 22 0.3900747299194336 47147.99017846001
0.2 23 0.41289353370666504 46778.218496090005
0.2 24 0.5085940361022949 43034.29859679
0.2 25 0.4008212089538574 44677.99961015
0.2 26 0.37653398513793945 46742.04968152
0.2 27 0.5474169254302979 41811.77517774
0.2 28 0.3994014263153076 37883.28228956
0.2 29 0.5536520481109619 46243.279212659996
0.2 30 0.3800227642059326 46742.04968152
0.2 31 0.42998385429382324 48152.31631752
0.2 32 0.5050439834594727 48152.31631752
0.2 33 0.3717505931854248 48152.31631752
0.2 34 0.5242516994476318 41811.77517774
0.2 35 0.4151113033294678 39523.82811474
0.2 36 0.4135243892669678 46778.218496090005
0.2 37 0.547487735748291 45879.11413862999
0.2 38 0.4070899486541748 47345.35752646
0.2 39 0.5173947811126709 46719.18907609
0.2 40 0.3965921401977539 48152.31631752
0.2 41 0.42353272438049316 46778.218496090005
0.2 42 0.5372753143310547 47226.880962459996
0.2 43 0.4211916923522949 46818.59888152
0.2 44 0.6036348342895508 43034.29859679
0.2 45 0.41942620277404785 46818.59888152
0.2 46 0.3969106674194336 46778.218496090005
0.2 47 0.5402634143829346 48152.31631752
0.2 48 0.4461216926574707 47147.99017846001
0.2 49 0.5396449565887451 39523.82811474
0.2 50 0.40235376358032227 37488.28448880999
0.2 51 0.38663649559020996 43034.298596789995
0.2 52 0.5172629356384277 47226.880962459996
0.2 53 0.40008044242858887 48152.31631752
0.2 54 0.516547441482544 48152.31631752
0.2 55 0.4021015167236328 46742.04968152
0.2 56 0.5274384021759033 47345.35752646
0.2 57 0.41098666191101074 44677.99961015
0.2 58 0.386688232421875 46742.04968152
0.2 59 0.5205037593841553 46778.218496090005
0.2 60 0.40160131454467773 42773.21539412001
0.2 61 0.4002375602722168 46719.18907609
0.2 62 0.5526547431945801 46020.47480479001
0.2 63 0.4329347610473633 36610.74850705
0.2 64 0.5189883708953857 46742.04968152
0.2 65 0.409822940826416 47147.99017846
0.2 66 0.4069962501525879 48152.31631752
0.2 67 0.533858060836792 47147.99017846001
0.2 68 0.3865044116973877 44677.99961015
0.2 69 0.5828824043273926 48152.31631752
0.2 70 0.3976707458496094 41213.32182674
0.2 71 0.5195508003234863 47147.99017846001
0.2 72 0.4117856025695801 46719.18907609
0.2 73 0.4034256935119629 46742.04968152
0.2 74 0.5618367195129395 44677.99961015
0.2 75 0.39656710624694824 47226.880962459996
0.2 76 0.44011878967285156 44106.93283012
0.2 77 0.5092203617095947 46818.59888152
0.2 78 0.40932536125183105 44106.93283012
0.2 79 0.4039449691772461 44677.99961015
0.2 80 0.5005531311035156 44106.93283012
0.2 81 0.4017333984375 47147.99017846001
0.2 82 0.5224020481109619 47147.99017846
0.2 83 0.3914787769317627 46742.04968152
0.2 84 0.384580135345459 39523.82811474
0.2 85 0.5269739627838135 46818.59888152
0.2 86 0.4105362892150879 34491.89736635
0.2 87 0.5118720531463623 37887.95356251
0.2 88 0.40618467330932617 33023.69105456
0.2 89 0.3864586353302002 42696.666194089994
0.2 90 0.5307595729827881 41213.32182674
0.2 91 0.4183616638183594 38094.785080559996
0.2 92 0.503875732421875 44106.93283012
0.2 93 0.4029538631439209 48152.31631752
0.2 94 0.3787522315979004 47345.35752646
0.2 95 0.5294756889343262 44677.99961015
0.2 96 0.4117159843444824 47345.35752646
0.2 97 0.41279053688049316 46818.59888152
0.2 98 0.5203208923339844 36923.69848651
0.2 99 0.37483882904052734 46742.04968152
0.2 100 0.5090289115905762 46454.43380752
0.2 101 0.3710501194000244 47345.35752646
0.2 102 0.3830103874206543 37887.953562509996
0.2 103 0.5225183963775635 46454.43380752
0.2 104 0.42631983757019043 38094.78508056
0.2 105 0.5185327529907227 46818.59888152
0.2 106 0.3894972801208496 44677.99961015
0.2 107 0.4115636348724365 46020.47480479001
0.2 108 0.5114719867706299 46818.59888152
0.2 109 0.4078366756439209 46778.218496090005
0.2 110 0.5004074573516846 46742.04968152
0.2 111 0.43064212799072266 46778.218496090005
0.2 112 0.39623498916625977 46778.218496090005
0.2 113 0.5448558330535889 47345.35752646
0.2 114 0.38158249855041504 48152.31631752
0.2 115 0.5420839786529541 47147.99017846
0.2 116 0.376755952835083 47147.99017846001
0.2 117 0.3979003429412842 47147.99017846001
0.2 118 0.5323042869567871 47147.99017846001
0.2 119 0.3953061103820801 46742.04968152
0.2 120 0.528691291809082 46020.47480479001
0.2 121 0.4392120838165283 37403.34085819
0.2 122 0.39662933349609375 46818.59888152
0.2 123 0.5250940322875977 46719.18907609
0.2 124 0.3973851203918457 46020.47480479
0.2 125 0.5258066654205322 47345.35752646
0.2 126 0.41252994537353516 46818.59888152
0.2 127 0.5013189315795898 46818.59888152
0.2 128 0.38585901260375977 44677.99961015
0.2 129 0.40440964698791504 43034.298596789995
0.2 130 0.5235559940338135 44677.99961015
0.2 131 0.401165246963501 46742.04968152
0.2 132 0.5441997051239014 46818.59888152
0.2 133 0.39583849906921387 40561.08670548
0.2 134 0.38553929328918457 47226.880962459996
0.2 135 0.5593740940093994 48152.31631752
0.2 136 0.4113490581512451 39523.82811474
0.2 137 0.5075304508209229 48152.31631752
0.2 138 0.41229939460754395 44106.93283012
0.2 139 0.4184229373931885 42773.21539412001
0.2 140 0.5103087425231934 44677.99961015
0.2 141 0.4223766326904297 46020.47480479
0.2 142 0.513068437576294 48152.31631752
0.2 143 0.39296817779541016 47226.880962459996
0.2 144 0.41141533851623535 46778.218496090005
0.2 145 0.5208053588867188 42773.215394119994
0.2 146 0.3853721618652344 44106.93283012
0.2 147 0.49203991889953613 47226.880962459996
0.2 148 0.4008004665374756 47345.35752646
0.2 149 0.5464687347412109 47345.35752646
0.2 150 0.41821837425231934 39523.82811474
0.2 151 0.41379499435424805 36923.69848651
0.2 152 0.5235762596130371 47147.99017846
0.2 153 0.4044015407562256 47345.35752646
0.2 154 0.5001225471496582 47147.99017846001
0.2 155 0.3755006790161133 43034.298596789995
0.2 156 0.44602441787719727 46742.04968152
0.2 157 0.5688064098358154 37590.862800279996
0.2 158 0.4483487606048584 48152.31631752
0.2 159 0.42883968353271484 46742.04968152
0.2 160 0.5393304824829102 37883.28228956
0.2 161 0.4033663272857666 46778.218496090005
0.2 162 0.3921811580657959 46719.18907609
0.2 163 0.5258722305297852 48152.31631752
0.2 164 0.39461398124694824 47226.880962459996
0.2 165 0.515721321105957 46818.59888152
0.2 166 0.4047973155975342 47147.99017846001
0.2 167 0.3754267692565918 46778.218496090005
0.2 168 0.5218863487243652 47345.35752646
0.2 169 0.40569138526916504 46020.47480479
0.2 170 0.5632400512695312 44677.99961015
0.2 171 0.40405797958374023 46778.218496090005
0.2 172 0.4063301086425781 47147.99017846001
0.2 173 0.5545213222503662 46818.59888152
0.2 174 0.4868795871734619 44677.99961015
0.2 175 0.849006175994873 47147.99017846001
0.2 176 1.0116922855377197 46778.218496090005
0.2 177 0.41954851150512695 48152.31631752
0.2 178 0.41602015495300293 46719.18907609
0.2 179 0.5189557075500488 41811.77517774
0.2 180 0.4147789478302002 47226.880962459996
0.2 181 0.5479395389556885 46020.47480479001
0.2 182 0.400684118270874 44677.99961015
0.2 183 0.5409181118011475 41811.77517774
0.2 184 0.4044005870819092 42773.215394119994
0.2 185 0.4349956512451172 43034.29859679
0.2 186 0.5572636127471924 47345.35752646
0.2 187 0.42580103874206543 47147.99017846001
0.2 188 0.5491089820861816 46020.47480479
0.2 189 0.42949604988098145 46818.59888152
0.2 190 0.4043238162994385 46778.218496090005
0.2 191 0.5159296989440918 44106.93283012
0.2 192 0.4079856872558594 46742.04968152
0.2 193 0.408034086227417 47147.99017846001
0.2 194 0.5294623374938965 46818.59888152
0.2 195 0.4335465431213379 42696.666194089994
0.2 196 0.4977874755859375 46742.04968152
0.2 197 0.3932507038116455 47345.35752646
0.2 198 0.4106581211090088 46778.218496090005
0.2 199 0.5215075016021729 47147.99017846001
0.4 0 0.4318075180053711 31288.96506568
0.4 1 0.42711472511291504 30510.90858462
0.4 2 0.5847775936126709 35146.66929788
0.4 3 0.4694020748138428 30822.414519680002
0.4 4 0.6012208461761475 33152.01555086
0.4 5 0.4633336067199707 35146.66929788
0.4 6 0.5812721252441406 35146.66929788
0.4 7 0.49591588973999023 31559.333993049997
0.4 8 0.5766489505767822 31664.42788905
0.4 9 0.43324828147888184 43911.997730350005
0.4 10 0.5790467262268066 31288.96506568
0.4 11 0.4383556842803955 48152.31631752
0.4 12 0.6154062747955322 35146.66929788
0.4 13 0.4752023220062256 26726.24453263
0.4 14 0.47411108016967773 32272.76477183
0.4 15 0.5899538993835449 24660.8161038
0.4 16 0.4906013011932373 46742.04968152
0.4 17 0.5852813720703125 34079.44176188
0.4 18 0.4483914375305176 31739.88094705
0.4 19 0.6177577972412109 34079.44176188
0.4 20 0.46657323837280273 34079.44176188
0.4 21 0.46241283416748047 36537.79942464
0.4 22 0.6117515563964844 46454.43380752
0.4 23 0.4839966297149658 35146.66929788
0.4 24 0.634434700012207 31633.73940305
0.4 25 0.45531582832336426 35146.66929788
0.4 26 0.6067416667938232 30822.414519680002
0.4 27 0.45789551734924316 31652.422133030002
0.4 28 0.577728271484375 35146.66929788
0.4 29 0.42833876609802246 34079.44176188
0.4 30 0.6151742935180664 31466.974706240002
0.4 31 0.45017099380493164 25176.26399531
0.4 32 0.6610159873962402 28215.487739700002
0.4 33 0.42966508865356445 39824.6506329
0.4 34 0.44314146041870117 32591.80354555
0.4 35 0.5904369354248047 39824.6506329
0.4 36 0.48625969886779785 32591.80354555
0.4 37 0.5854082107543945 30510.908584619996
0.4 38 0.45539188385009766 25526.83945739
0.4 39 0.43433403968811035 34079.44176188
0.4 40 0.5858020782470703 31676.610150050004
0.4 41 0.4659852981567383 39952.865688980004
0.4 42 0.5745527744293213 35146.66929788
0.4 43 0.46577906608581543 36784.706703899996
0.4 44 0.6265091896057129 39824.6506329
0.4 45 0.4683656692504883 39824.6506329
0.4 46 0.6148681640625 35146.66929788
0.4 47 0.4431037902832031 35146.66929788
0.4 48 0.5924570560455322 39824.6506329
0.4 49 0.43125128746032715 39824.6506329
0.4 50 0.46622133255004883 28327.97898585
0.4 51 0.605219841003418 34079.44176188
0.4 52 0.4404594898223877 31633.73940305
0.4 53 0.5893337726593018 28214.98401872
0.4 54 0.4549555778503418 35146.66929788
0.4 55 0.6338660717010498 28166.32353144
0.4 56 0.4318044185638428 31601.3821789
0.4 57 0.610987663269043 35146.66929788
0.4 58 0.4437432289123535 31939.273264049996
0.4 59 0.49344754219055176 39952.865688980004
0.4 60 0.5817506313323975 35146.66929788
0.4 61 0.4999370574951172 30822.414519680002
0.4 62 0.6011335849761963 34079.44176188
0.4 63 0.5273191928863525 35146.66929788
0.4 64 0.5981149673461914 31434.34708605
0.4 65 0.45934510231018066 34079.44176188
0.4 66 0.5924007892608643 32591.80354555
0.4 67 0.4750185012817383 30055.88939768
0.4 68 0.5760302543640137 33152.01555086
0.4 69 0.4317488670349121 31020.58237762
0.4 70 0.4451596736907959 32591.80354555
0.4 71 0.6094400882720947 33208.341379549995
0.4 72 0.4174494743347168 32107.33266202
0.4 73 0.5789239406585693 30510.90858462
0.4 74 0.4789876937866211 27478.675405619997
0.4 75 0.5845098495483398 35146.66929788
0.4 76 0.4421405792236328 27648.35358781
0.4 77 0.6144707202911377 46454.43380752
0.4 78 0.44654130935668945 34598.255682070005
0.4 79 0.5030078887939453 30121.79173402
0.4 80 0.5751469135284424 29154.339781860002
0.4 81 0.4487621784210205 34844.75568303
0.4 82 0.5980651378631592 32023.26876065
0.4 83 0.46237707138061523 29530.976012170002
0.4 84 0.5763177871704102 30341.339838
0.4 85 0.4354720115661621 31559.333993049997
0.4 86 0.5031559467315674 30510.90858462
0.4 87 0.611020565032959 34079.44176188
0.4 88 0.435288667678833 34079.44176188
0.4 89 0.5867490768432617 34079.44176188
0.4 90 0.4071340560913086 46742.04968152
0.4 91 0.4735736846923828 35146.66929788
0.4 92 0.5770072937011719 38768.16886045001
0.4 93 0.490145206451416 34079.44176188
0.4 94 0.5708301067352295 31168.49986546
0.4 95 0.47214651107788086 29998.16576884
0.4 96 0.5664269924163818 39824.6506329
0.4 97 0.4365499019622803 29998.165768839997
0.4 98 0.4611790180206299 34079.44176188
0.4 99 0.5560860633850098 29248.94301684
0.4 100 0.4281797409057617 34079.44176188
0.4 101 0.603341817855835 34079.44176188
0.4 102 0.4623293876647949 31019.942225050003
0.4 103 0.5737028121948242 31633.73940305
0.4 104 0.4607532024383545 31245.28078905
0.4 105 0.45067310333251953 30510.90858462
0.4 106 0.6154134273529053 30009.768345490003
0.4 107 0.4577968120574951 35146.66929788
0.4 108 0.6726016998291016 26044.30397368
0.4 109 0.5200135707855225 35146.66929788
0.4 110 0.5849359035491943 30510.908584619996
0.4 111 0.4380054473876953 35146.66929788
0.4 112 0.5703387260437012 36792.417453899994
0.4 113 0.4712541103363037 38838.57426924
0.4 114 0.5379848480224609 34079.44176188
0.4 115 0.4526093006134033 31288.96506568
0.4 116 0.5736768245697021 31969.961750050003
0.4 117 0.44414329528808594 35146.66929788
0.4 118 0.4583616256713867 34079.44176188
0.4 119 0.5616791248321533 29248.94301684
0.4 120 0.4672508239746094 46454.43380752
0.4 121 0.4184098243713379 35146.66929788
0.4 122 0.5756645202636719 39952.865688980004
0.4 123 0.4227933883666992 33152.01555086
0.4 124 0.5710787773132324 31559.33399305
0.4 125 0.4503519535064697 34079.44176188
0.4 126 0.5695345401763916 31019.94222505
0.4 127 0.474029541015625 34079.44176188
0.4 128 0.5429544448852539 39824.6506329
0.4 129 0.4949979782104492 40721.93142282
0.4 130 0.5719783306121826 29807.72607
0.4 131 0.4689342975616455 34079.44176188
0.4 132 0.46544361114501953 35146.66929788
0.4 133 0.5789628028869629 32591.80354555
0.4 134 0.4451789855957031 30298.486388520003
0.4 135 0.5613260269165039 35146.66929788
0.4 136 0.534726619720459 32148.89985768
0.4 137 0.5918312072753906 25523.77470182
0.4 138 0.45703625679016113 27915.5662786
0.4 139 0.47283029556274414 27478.675405619997
0.4 140 0.5965068340301514 31019.94222505
0.4 141 0.48590755462646484 30341.339838
0.4 142 0.5613365173339844 31270.14010936
0.4 143 0.4798417091369629 28209.657347149998
0.4 144 0.5664060115814209 30510.90858462
0.4 145 0.4442100524902344 39824.6506329
0.4 146 0.5931932926177979 35146.66929788
0.4 147 0.46682047843933105 28644.64745985
0.4 148 0.480663537979126 33152.01555086
0.4 149 0.5990352630615234 36610.74850705
0.4 150 0.4339909553527832 46742.04968152
0.4 151 0.5578649044036865 27478.675405619997
0.4 152 0.4658799171447754 27627.6867179
0.4 153 0.6124372482299805 39824.6506329
0.4 154 0.4270966053009033 46454.43380752
0.4 155 0.6260643005371094 27073.46661549
0.4 156 0.462299108505249 39824.6506329
0.4 157 0.5689373016357422 48152.31631752
0.4 158 0.44428563117980957 27491.558453780002
0.4 159 0.5844066143035889 30822.414519680002
0.4 160 0.4266178607940674 30822.414519680002
0.4 161 0.534393310546875 32218.91646824
0.4 162 0.45766377449035645 31551.62324305
0.4 163 0.4722628593444824 32173.92505768
0.4 164 0.5691008567810059 28626.9240897
0.4 165 0.45163583755493164 34079.44176188
0.4 166 0.5860404968261719 30663.70973852
0.4 167 0.4651942253112793 31559.33399305
0.4 168 0.5591073036193848 39824.6506329
0.4 169 0.46186208724975586 37445.06040864
0.4 170 0.5524990558624268 35146.66929788
0.4 171 0.4601123332977295 36792.417453899994
0.4 172 0.549447774887085 31288.96506568
0.4 173 0.5845568180084229 39824.6506329
0.4 174 0.47734975814819336 48152.31631752
0.4 175 0.5817265510559082 31559.333993049997
0.4 176 0.4480123519897461 32591.80354555
0.4 177 0.6231458187103271 34079.44176188
0.4 178 0.461667537689209 31434.34708605
0.4 179 0.5856318473815918 31864.867854050004
0.4 180 0.4387996196746826 43911.997730350005
0.4 181 0.5527002811431885 31901.948714050002
0.4 182 0.4648468494415283 46742.04968152
0.4 183 0.5721261501312256 30877.408841610002
0.4 184 0.4548804759979248 27065.306305619997
0.4 185 0.5905575752258301 28826.316406700003
0.4 186 0.427825927734375 35146.66929788
0.4 187 0.5510122776031494 24765.6997136
0.4 188 0.4695136547088623 31419.14686003
0.4 189 0.5513339042663574 31288.96506568
0.4 190 0.4532904624938965 39824.6506329
0.4 191 0.5701534748077393 27515.924173599997
0.4 192 0.43730640411376953 31288.96506568
0.4 193 0.44877028465270996 39824.6506329
0.4 194 0.6069309711456299 30877.408841610002
0.4 195 0.4805302619934082 36904.951371899995
0.4 196 0.5645675659179688 34794.71589301
0.4 197 0.478424072265625 27613.65266375
0.4 198 0.5949263572692871 35146.66929788
0.4 199 0.47046756744384766 34079.44176188
0.6 0 0.8125452995300293 24761.2015128
0.6 1 0.6985058784484863 27711.694649600002
0.6 2 0.7989592552185059 26473.70759722
0.6 3 0.6746892929077148 19434.731848530002
0.6 4 0.8313205242156982 27485.871754800002
0.6 5 0.7720222473144531 22905.17441996
0.6 6 0.6234216690063477 27540.93513322
0.6 7 0.7796127796173096 22722.080502250003
0.6 8 0.7642219066619873 26473.70759722
0.6 9 0.7648019790649414 26473.70759722
0.6 10 0.703533411026001 20020.590340759998
0.6 11 0.8212904930114746 31652.422133030002
0.6 12 0.7455623149871826 19814.95630056
0.6 13 0.6874823570251465 21711.97817677
0.6 14 0.8076965808868408 22905.17441996
0.6 15 0.8016722202301025 23157.711355370004
0.6 16 0.7218577861785889 27460.846554800006
0.6 17 0.7661197185516357 25602.607214890002
0.6 18 0.6556832790374756 28947.029401990003
0.6 19 0.8147838115692139 27540.93513322
0.6 20 0.7651762962341309 23093.543151539998
0.6 21 0.7828781604766846 23194.93312696
0.6 22 0.6854109764099121 26473.70759722
0.6 23 0.7837948799133301 27540.93513322
0.6 24 0.757472038269043 23528.1258448
0.6 25 0.8574447631835938 21811.29407277
0.6 26 0.6273105144500732 28947.02940199
0.6 27 0.7684049606323242 27540.93513322
0.6 28 0.7896721363067627 27254.02027804
0.6 29 0.6581094264984131 23562.765700800002
0.6 30 0.8088240623474121 25602.607214890002
0.6 31 0.6645169258117676 27540.93513322
0.6 32 0.8445167541503906 27540.93513322
0.6 33 0.8098666667938232 23562.7657008
0.6 34 0.8085613250732422 29998.165768839997
0.6 35 0.6497654914855957 30285.927029470004
0.6 36 0.761364221572876 26473.70759722
0.6 37 0.6567883491516113 27540.93513322
0.6 38 0.8439466953277588 30618.53483347
0.6 39 0.7819132804870605 26473.70759722
0.6 40 0.6807963848114014 29998.165768839997
0.6 41 0.8480432033538818 23528.1258448
0.6 42 0.7485227584838867 25319.474565570003
0.6 43 0.6796553134918213 17291.143050259998
0.6 44 0.7528703212738037 24356.505360770003
0.6 45 0.7696387767791748 27540.93513322
0.6 46 0.6282389163970947 22905.17441996
0.6 47 0.777843713760376 26473.70759722
0.6 48 0.6821322441101074 26473.70759722
0.6 49 0.7966017723083496 31551.62324305
0.6 50 0.7882626056671143 25176.26399531
0.6 51 0.657785177230835 23528.1258448
0.6 52 0.8102700710296631 25790.06117331
0.6 53 0.7620368003845215 23528.1258448
0.6 54 0.6485819816589355 26473.70759722
0.6 55 0.7659051418304443 21786.38358677
0.6 56 0.671942949295044 26473.70759722
0.6 57 0.7840304374694824 21975.2230174
0.6 58 0.7775044441223145 22905.17441996
0.6 59 0.6570446491241455 25602.607214890002
0.6 60 0.7466754913330078 29998.16576884
0.6 61 0.7445991039276123 21829.25433377
0.6 62 0.7020626068115234 27540.93513322
0.6 63 0.8094973564147949 30735.810990470003
0.6 64 0.6902799606323242 27540.93513322
0.6 65 0.8238365650177002 28947.029401990003
0.6 66 0.8401873111724854 22905.17441996
0.6 67 0.8080246448516846 22905.17441996
0.6 68 0.6541383266448975 29998.165768839997
0.6 69 0.8303320407867432 22424.598198400003
0.6 70 0.758674144744873 29998.16576884
0.6 71 0.6976461410522461 23735.794138010002
0.6 72 0.8298065662384033 22646.98932893
0.6 73 0.7761268615722656 25606.555313770004
0.6 74 0.684685230255127 26748.22653317
0.6 75 0.7943511009216309 22905.17441996
0.6 76 0.7962312698364258 25707.94501331
0.6 77 0.6301040649414062 21711.97817677
0.6 78 0.8016963005065918 24294.6509668
0.6 79 0.7263491153717041 27540.93513322
0.6 80 0.7186684608459473 26473.70759722
0.6 81 0.7706220149993896 22905.17441996
0.6 82 0.7952678203582764 27540.93513322
0.6 83 0.6485226154327393 27540.93513322
0.6 84 0.7822282314300537 29998.165768839997
0.6 85 0.6452577114105225 31908.43330068
0.6 86 0.7961280345916748 27540.93513322
0.6 87 0.6271049976348877 26473.70759722
0.6 88 0.833000898361206 27540.93513322
0.6 89 0.7693526744842529 27540.93513322
0.6 90 0.6745336055755615 21711.97817677
0.6 91 0.8500134944915771 23528.1258448
0.6 92 0.8149325847625732 22637.8811024
0.6 93 0.7049317359924316 29998.16576884
0.6 94 0.811784029006958 27540.93513322
0.6 95 0.8061623573303223 28314.94627527
0.6 96 0.6599218845367432 27540.93513322
0.6 97 0.8420054912567139 26473.70759722
0.6 98 0.8220467567443848 26859.09842917
0.6 99 0.7439279556274414 25445.28683594
0.6 100 0.6700634956359863 24097.660856639995
0.6 101 0.8219847679138184 32837.39603665
0.6 102 0.8074812889099121 26473.70759722
0.6 103 0.67323899269104 20630.029367479998
0.6 104 0.7887434959411621 27540.93513322
0.6 105 0.8210451602935791 26473.70759722
0.6 106 0.6904189586639404 25281.35789131
0.6 107 0.7908937931060791 25715.65576331
0.6 108 0.8143243789672852 27540.93513322
0.6 109 0.6868927478790283 26473.70759722
0.6 110 0.8357589244842529 30618.53483347
0.6 111 0.8053634166717529 22157.214596769998
0.6 112 0.6999857425689697 27679.9074588
0.6 113 0.7999923229217529 27540.93513322
0.6 114 0.6956884860992432 28857.0048927
0.6 115 0.7685737609863281 23528.1258448
0.6 116 0.7593746185302734 21706.20017677
0.6 117 0.6411139965057373 24875.48197877
0.6 118 0.784503698348999 28947.029401990003
0.6 119 0.8029766082763672 27540.93513322
0.6 120 0.6453075408935547 26473.70759722
0.6 121 0.8680191040039062 26473.70759722
0.6 122 0.7735185623168945 23562.7657008
0.6 123 0.6532201766967773 25094.1505824
0.6 124 0.7407383918762207 27793.47206863
0.6 125 0.7921996116638184 25299.3134816
0.6 126 0.7109858989715576 31587.699213660002
0.6 127 0.7898895740509033 27540.93513322
0.6 128 0.6323175430297852 28947.029401990003
0.6 129 0.7852013111114502 15452.2414092
0.6 130 0.7917871475219727 25907.33733031
0.6 131 0.6694731712341309 27540.93513322
0.6 132 0.821342945098877 27540.93513322
0.6 133 0.7050859928131104 26473.70759722
0.6 134 0.6260130405426025 29998.16576884
0.6 135 0.7826199531555176 29998.16576884
0.6 136 0.6301600933074951 24082.51542875
0.6 137 0.8614184856414795 26473.70759722
0.6 138 0.7435762882232666 26473.70759722
0.6 139 0.6643455028533936 29998.165768839997
0.6 140 0.7830257415771484 25907.33733031
0.6 141 0.803828239440918 24986.069380890003
0.6 142 0.7843353748321533 29998.16576884
0.6 143 0.694176435470581 29998.16576884
0.6 144 0.8652222156524658 24844.882456729996
0.6 145 0.7832670211791992 24814.47795
0.6 146 0.6646339893341064 28156.202709620004
0.6 147 0.8078639507293701 30712.88507866
0.6 148 0.8128805160522461 29998.165768839997
0.6 149 0.7105984687805176 32218.91646824
0.6 150 0.781714677810669 26473.70759722
0.6 151 0.7761709690093994 26449.26581062
0.6 152 0.8280267715454102 24055.110943570002
0.6 153 0.6870887279510498 23562.7657008
0.6 154 0.8339509963989258 23528.1258448
0.6 155 0.8227982521057129 23562.7657008
0.6 156 0.6569516658782959 22905.17441996
0.6 157 0.8595774173736572 26473.70759722
0.6 158 0.8082923889160156 27540.93513322
0.6 159 0.6543779373168945 22905.17441996
0.6 160 0.8733396530151367 22905.17441996
0.6 161 0.7680566310882568 26473.70759722
0.6 162 0.6541366577148438 23528.1258448
0.6 163 0.7865428924560547 27540.93513322
0.6 164 0.8102567195892334 30343.66595165
0.6 165 0.7371978759765625 34158.62450501
0.6 166 0.8196291923522949 25614.60320698
0.6 167 0.8175206184387207 23562.765700800002
0.6 168 0.6580865383148193 23293.31954593
0.6 169 0.7768552303314209 19099.67358571
0.6 170 0.8110525608062744 24294.6509668
0.6 171 0.7106292247772217 23528.1258448
0.6 172 0.8554608821868896 26616.155979440002
0.6 173 0.6232125759124756 25176.263995309997
0.6 174 0.7653226852416992 26473.70759722
0.6 175 0.8229682445526123 30942.65918768
0.6 176 0.7092487812042236 26178.55581757
0.6 177 0.8324117660522461 23562.7657008
0.6 178 0.7736608982086182 25299.3134816
0.6 179 0.7308666706085205 23173.36672728
0.6 180 0.8467473983764648 25602.607214890002
0.6 181 0.8309719562530518 26141.43429231
0.6 182 0.8271985054016113 24294.6509668
0.6 183 0.8152310848236084 29998.16576884
0.6 184 0.830782413482666 24492.93763558
0.6 185 0.8508386611938477 25907.33733031
0.6 186 0.924558162689209 23562.7657008
0.6 187 0.8870925903320312 22157.21459677
0.6 188 0.6705849170684814 26473.70759722
0.6 189 0.7726004123687744 29998.165768839997
0.6 190 0.926367998123169 33070.67130965
0.6 191 0.8176581859588623 29998.165768839997
0.6 192 0.7171158790588379 26748.226533170004
0.6 193 0.8509542942047119 25832.93192031
0.6 194 0.8569395542144775 25075.21143898
0.6 195 0.7337100505828857 27540.93513322
0.6 196 0.8454437255859375 27540.93513322
0.6 197 1.454582929611206 25577.80720958
0.6 198 0.6836678981781006 25176.263995309997
0.6 199 0.8136038780212402 23847.55795155
0.8 0 0.8607254028320312 21464.89893689
0.8 1 0.7048733234405518 17643.35310923
0.8 2 0.8660097122192383 25602.607214890002
0.8 3 1.1734189987182617 19357.63372683
0.8 4 0.9127273559570312 22905.17441996
0.8 5 0.6709592342376709 16098.5218632
0.8 6 0.8585793972015381 21647.88022404
0.8 7 0.8758468627929688 24194.45386091
0.8 8 0.9371201992034912 23301.35597742
0.8 9 0.8379406929016113 20844.358124339997
0.8 10 0.6932222843170166 24613.18230358
0.8 11 0.8592643737792969 24129.59393204
0.8 12 0.8584628105163574 23140.39142737
0.8 13 0.7120583057403564 17159.96554894
0.8 14 0.8898286819458008 26521.37508723
0.8 15 0.8822629451751709 21464.89893689
0.8 16 0.9141323566436768 19957.49568834
0.8 17 0.8894190788269043 24613.182303579997
0.8 18 0.9022359848022461 17693.57931694
0.8 19 0.8001070022583008 21652.4036314
0.8 20 0.8664734363555908 18439.98033151
0.8 21 0.8058714866638184 15802.14701214
0.8 22 0.7908809185028076 22739.92129896
0.8 23 0.8355777263641357 21962.323480770003
0.8 24 0.9170613288879395 23157.71135537
0.8 25 0.94171142578125 24844.882456729996
0.8 26 0.795696496963501 21711.97817677
0.8 27 0.853196382522583 20007.918499090003
0.8 28 0.8974270820617676 19946.84508263
0.8 29 0.8635950088500977 24844.882456730003
0.8 30 0.8932390213012695 24299.31749537
0.8 31 0.7957017421722412 21113.59697549
0.8 32 0.88979172706604 25602.607214890002
0.8 33 0.8498589992523193 24844.882456730003
0.8 34 0.8541018962860107 24844.882456729996
0.8 35 0.7958352565765381 23525.31154843
0.8 36 0.8766717910766602 24815.45130477
0.8 37 0.8639278411865234 14815.5131734
0.8 38 0.8969979286193848 23140.39142737
0.8 39 0.8639247417449951 24613.182303579997
0.8 40 0.898766040802002 22905.17441996
0.8 41 0.7435257434844971 25369.33194189
0.8 42 0.9116640090942383 19805.88601337
0.8 43 0.8552300930023193 19574.16261534
0.8 44 0.7277059555053711 22905.17441996
0.8 45 0.8441059589385986 25604.5489493
0.8 46 0.8756289482116699 25606.555313770004
0.8 47 0.8285880088806152 28083.246122119996
0.8 48 0.6988537311553955 24844.882456730003
0.8 49 0.8622386455535889 24986.069380890003
0.8 50 0.9125001430511475 24844.882456730003
0.8 51 0.8405146598815918 22905.17441996
0.8 52 0.741854190826416 22139.89466877
0.8 53 0.9321634769439697 24160.6513995
0.8 54 0.929908037185669 13762.95305088
0.8 55 0.8760213851928711 23928.58886877
0.8 56 0.7426347732543945 24613.182303579997
0.8 57 0.918626070022583 21557.94015404
0.8 58 0.9237833023071289 24299.31749537
0.8 59 0.8787214756011963 24844.882456730003
0.8 60 0.7617626190185547 17159.96554894
0.8 61 0.8950707912445068 19188.246109469997
0.8 62 0.8975009918212891 13898.340169269999
0.8 63 0.8295738697052002 25369.33194189
0.8 64 0.8682053089141846 25858.6303874
0.8 65 0.7578215599060059 25489.279156769997
0.8 66 0.8693947792053223 24613.182303579997
0.8 67 0.8535642623901367 25350.07878777
0.8 68 0.8489253520965576 22424.598198400003
0.8 69 0.7512779235839844 19215.19551542
0.8 70 0.9032342433929443 23404.606973659997
0.8 71 0.9253332614898682 15179.1955873
0.8 72 0.8394222259521484 28122.03311453
0.8 73 0.7004859447479248 24844.882456729996
0.8 74 0.8584239482879639 28314.94627527
0.8 75 0.8503422737121582 23140.39142737
0.8 76 0.8943195343017578 24986.06938089
0.8 77 0.7743277549743652 24002.99427877
0.8 78 0.8862919807434082 23929.998018730003
0.8 79 0.8146529197692871 17970.016470330003
0.8 80 0.9256680011749268 24986.06938089
0.8 81 0.7414124011993408 22905.17441996
0.8 82 0.8697860240936279 25093.569065400003
0.8 83 0.8705136775970459 24613.18230358
0.8 84 0.8862087726593018 20630.029367479998
0.8 85 0.7198562622070312 24844.882456730003
0.8 86 0.9081485271453857 22905.17441996
0.8 87 0.9214699268341064 24613.182303579997
0.8 88 0.8661534786224365 24163.141182770003
0.8 89 0.7234079837799072 21451.07546604
0.8 90 0.8233780860900879 15512.84107234
0.8 91 0.8520209789276123 22248.151991400002
0.8 92 0.7847669124603271 24613.182303579997
0.8 93 0.8276057243347168 18312.05888535
0.8 94 0.8971421718597412 29438.23020207
0.8 95 0.8581712245941162 25250.66940531
0.8 96 0.737083911895752 17291.143050259998
0.8 97 0.8617589473724365 24613.18230358
0.8 98 0.8569424152374268 22905.17441996
0.8 99 0.8270707130432129 23157.71135537
0.8 100 0.8637385368347168 16565.072409200002
0.8 101 0.8806281089782715 17159.96554894
0.8 102 0.857325553894043 22905.17441996
0.8 103 0.9148578643798828 24613.18230358
0.8 104 0.7840335369110107 26627.775173910002
0.8 105 0.8996984958648682 24844.882456729996
0.8 106 0.9027438163757324 22637.8811024
0.8 107 0.7179617881774902 32218.91646824
0.8 108 0.8955972194671631 24844.882456729996
0.8 109 0.9281258583068848 22634.82740296
0.8 110 0.8629515171051025 22739.92129896
0.8 111 0.7423527240753174 25602.607214890002
0.8 112 0.8679037094116211 23301.35597742
0.8 113 0.933976411819458 23140.39142737
0.8 114 0.744434118270874 21013.52943698
0.8 115 0.8916225433349609 24986.069380890003
0.8 116 0.8845410346984863 23103.35117225
0.8 117 0.8483541011810303 21113.59697549
0.8 118 0.8428056240081787 23301.35597742
0.8 119 0.7517461776733398 28314.94627527
0.8 120 0.8823380470275879 17495.023811760002
0.8 121 0.8643753528594971 22018.3462644
0.8 122 0.9370841979980469 22053.71088328
0.8 123 0.7774217128753662 22424.598198400003
0.8 124 0.8843410015106201 22905.17441996
0.8 125 0.8495895862579346 21706.200176770002
0.8 126 0.769629955291748 21464.89893689
0.8 127 0.8882346153259277 21557.94015404
0.8 128 0.9216434955596924 22905.17441996
0.8 129 0.8369503021240234 22739.92129896
0.8 130 0.7382714748382568 22905.17441996
0.8 131 0.873603105545044 23791.64745177
0.8 132 0.8531184196472168 25602.607214890002
0.8 133 0.8363008499145508 23157.711355370004
0.8 134 0.7218186855316162 19633.28735371
0.8 135 0.8950464725494385 23929.998018730003
0.8 136 0.8563487529754639 17809.933793340002
0.8 137 0.7595477104187012 23157.711355370004
0.8 138 0.9423575401306152 23157.71135537
0.8 139 0.8980100154876709 28314.94627527
0.8 140 0.8744540214538574 24844.882456730003
0.8 141 0.7526078224182129 22449.6233984
0.8 142 0.9105477333068848 17643.35310923
0.8 143 0.8355395793914795 24613.182303579997
0.8 144 0.8821532726287842 16146.68944667
0.8 145 0.7703640460968018 22821.512692769997
0.8 146 0.8761954307556152 17370.79856433
0.8 147 0.9164624214172363 21113.59697549
0.8 148 0.8591418266296387 17159.96554894
0.8 149 0.7615005970001221 17778.44511735
0.8 150 0.8699312210083008 22665.635195739997
0.8 151 0.8706731796264648 23791.64745177
0.8 152 0.8674774169921875 16900.195295700003
0.8 153 0.9268503189086914 22449.6233984
0.8 154 0.7106735706329346 25602.607214890002
0.8 155 0.9017751216888428 22905.17441996
0.8 156 0.9209115505218506 26997.96550564
0.8 157 0.8718485832214355 19113.329356759998
0.8 158 0.7919166088104248 21508.6724714
0.8 159 0.9340004920959473 17991.98074824
0.8 160 0.9126400947570801 21464.89893689
0.8 161 0.7250819206237793 21717.435872300004
0.8 162 0.9017112255096436 26509.192826230003
0.8 163 0.8362631797790527 26828.40994317
0.8 164 0.8635106086730957 19814.95630056
0.8 165 0.7147932052612305 23929.998018730003
0.8 166 0.9238123893737793 25929.5439472
0.8 167 0.8769748210906982 17970.016470330003
0.8 168 0.8332667350769043 24844.882456729996
0.8 169 0.8634810447692871 24439.67181173
0.8 170 0.695183515548706 28083.246122119996
0.8 171 0.880387544631958 24844.882456729996
0.8 172 0.8374042510986328 24844.882456730003
0.8 173 0.7230267524719238 24844.882456729996
0.8 174 0.8710927963256836 21903.659743770004
0.8 175 0.8458428382873535 24844.882456730003
0.8 176 0.8493242263793945 22905.17441996
0.8 177 0.7252373695373535 24613.182303579997
0.8 178 0.9334499835968018 17412.50248435
0.8 179 0.8877158164978027 21884.76995804
0.8 180 0.9011576175689697 17644.2026375
0.8 181 0.7059266567230225 16098.5218632
0.8 182 0.8214528560638428 23929.998018730003
0.8 183 0.8780796527862549 25604.5489493
0.8 184 0.8806955814361572 19410.03810651
0.8 185 0.8574166297912598 24844.882456730003
0.8 186 0.7525804042816162 24986.06938089
0.8 187 0.9395697116851807 23929.998018730003
0.8 188 0.8982365131378174 21464.89893689
0.8 189 0.9046473503112793 23157.711355370004
0.8 190 0.7542908191680908 24613.182303579997
0.8 191 0.8623125553131104 24543.179933400002
0.8 192 0.9059975147247314 24815.45130477
0.8 193 0.8737218379974365 22061.077484400004
0.8 194 0.9117505550384521 23929.998018730003
0.8 195 0.7298612594604492 24844.882456730003
0.8 196 0.8895959854125977 24163.141182770003
0.8 197 0.869509220123291 24844.882456730003
0.8 198 0.802018404006958 22424.598198400003
0.8 199 0.8155007362365723 25602.607214890002
1 0 0.9288122653961182 22139.89466877
1 1 0.8396053314208984 23414.84821296
1 2 0.8637700080871582 24986.06938089
1 3 0.7955482006072998 23414.84821296
1 4 0.9338850975036621 23414.84821296
1 5 0.9423277378082275 25369.33194189
1 6 0.851299524307251 23414.84821296
1 7 0.8817133903503418 23414.84821296
1 8 0.8946714401245117 23157.711355370004
1 9 0.9027981758117676 23414.84821296
1 10 0.8907184600830078 23414.84821296
1 11 0.9421193599700928 23157.71135537
1 12 0.9497601985931396 25715.65576331
1 13 0.773139476776123 23414.84821296
1 14 0.879706859588623 23414.84821296
1 15 0.9317774772644043 23157.71135537
1 16 0.9199998378753662 23414.84821296
1 17 0.9457547664642334 17159.96554894
1 18 0.731083869934082 23414.84821296
1 19 0.8622057437896729 17691.198731700002
1 20 0.8787896633148193 23157.71135537
1 21 0.8975718021392822 24613.18230358
1 22 0.7430236339569092 22905.17441996
1 23 0.9207141399383545 23414.84821296
1 24 0.8535563945770264 23636.96494025
1 25 0.9088075160980225 17503.46592433
1 26 0.908287525177002 17391.66570209
1 27 0.8138751983642578 17876.628382230003
1 28 0.9290516376495361 27057.59555562
1 29 0.8782191276550293 23414.84821296
1 30 0.8885741233825684 23157.711355370004
1 31 0.8970410823822021 25602.607214890002
1 32 0.7714977264404297 21647.88022404
1 33 0.9252943992614746 23414.84821296
1 34 0.907921552658081 23414.84821296
1 35 0.9232697486877441 23157.711355370004
1 36 0.8895275592803955 17625.66025067
1 37 0.9244391918182373 25602.607214890002
1 38 0.9053483009338379 23157.711355370004
1 39 0.7545351982116699 23414.84821296
1 40 0.8989121913909912 23157.71135537
1 41 0.8561680316925049 24986.06938089
1 42 0.8867237567901611 23414.84821296
1 43 0.7749199867248535 23756.92926137
1 44 0.8432118892669678 23414.84821296
1 45 0.9345617294311523 23414.84821296
1 46 0.9148845672607422 21464.89893689
1 47 0.7944281101226807 23157.711355370004
1 48 0.8456149101257324 23157.711355370004
1 49 0.8894619941711426 21992.0286874
1 50 0.7929997444152832 23414.84821296
1 51 0.9380240440368652 23414.84821296
1 52 0.8804526329040527 23414.84821296
1 53 0.9156324863433838 23414.84821296
1 54 0.7883083820343018 25602.607214890002
1 55 0.8907070159912109 21949.49900177
1 56 0.900834321975708 25602.607214890002
1 57 0.906599760055542 23157.711355370004
1 58 0.9480464458465576 23414.84821296
1 59 0.8373029232025146 23414.84821296
1 60 0.9201879501342773 24986.06938089
1 61 0.9677224159240723 23157.711355370004
1 62 0.8670499324798584 17159.96554894
1 63 0.791203498840332 24986.06938089
1 64 0.8332791328430176 17693.57931694
1 65 0.9404799938201904 23414.84821296
1 66 0.8399527072906494 23414.84821296
1 67 0.9734745025634766 17503.46592433
1 68 0.7368395328521729 23414.84821296
1 69 0.8999588489532471 23414.84821296
1 70 0.8614892959594727 23414.84821296
1 71 0.9043824672698975 23414.84821296
1 72 0.7315292358398438 23069.54871084
1 73 0.9290244579315186 23414.84821296
1 74 0.881920337677002 24986.06938089
1 75 0.8427419662475586 17693.57931694
1 76 0.7301950454711914 23414.84821296
1 77 0.879019021987915 23157.711355370004
1 78 0.8227455615997314 23414.84821296
1 79 0.8118326663970947 24986.06938089
1 80 0.9324555397033691 23157.711355370004
1 81 0.8722274303436279 24613.18230358
1 82 0.8675720691680908 18787.27902342
1 83 0.7755343914031982 23414.84821296
1 84 0.9068443775177002 23414.84821296
1 85 0.9094130992889404 23326.54953933
1 86 0.8717176914215088 23157.711355370004
1 87 0.8760895729064941 23414.84821296
1 88 0.806511640548706 23157.711355370004
1 89 0.9113771915435791 23414.84821296
1 90 0.9662981033325195 17874.70459124
1 91 0.9002785682678223 23157.711355370004
1 92 0.9161617755889893 23414.84821296
1 93 0.7619097232818604 25602.607214890002
1 94 0.8606112003326416 23157.711355370004
1 95 0.9062280654907227 23157.711355370004
1 96 0.8976573944091797 23157.711355370004
1 97 0.7246334552764893 18184.78914771
1 98 0.9383020401000977 23414.84821296
1 99 0.9540855884552002 23414.84821296
1 100 0.9751729965209961 24986.06938089
1 101 0.9413285255432129 17349.5631457
1 102 0.8623027801513672 23414.84821296
1 103 0.735584020614624 23414.84821296
1 104 0.9255962371826172 23157.711355370004
1 105 0.9309179782867432 23414.84821296
1 106 0.8698642253875732 24986.06938089
1 107 0.7238962650299072 25602.607214890002
1 108 0.8865001201629639 25369.33194189
1 109 0.8522579669952393 23414.84821296
1 110 0.921886682510376 23414.84821296
1 111 0.680732250213623 18718.40291571
1 112 0.8959701061248779 23414.84821296
1 113 0.9264183044433594 23157.711355370004
1 114 0.8387606143951416 23414.84821296
1 115 0.8154687881469727 23414.84821296
1 116 0.921485185623169 25369.33194189
1 117 0.8666784763336182 23157.711355370004
1 118 0.9134578704833984 23069.54871084
1 119 0.7689158916473389 23157.71135537
1 120 0.9215397834777832 25602.607214890002
1 121 0.7996082305908203 22619.13453097
1 122 0.9393861293792725 25602.607214890002
1 123 0.8908796310424805 23157.711355370004
1 124 0.7963056564331055 23414.84821296
1 125 0.8453149795532227 23636.96494025
1 126 0.922003984451294 23414.84821296
1 127 0.8973278999328613 23414.84821296
1 128 0.7332756519317627 22138.5909324
1 129 0.8724477291107178 23157.711355370004
1 130 0.912841796875 22139.89466877
1 131 0.9425787925720215 24986.06938089
1 132 0.7736680507659912 23414.84821296
1 133 0.948998212814331 25602.607214890002
1 134 0.8475644588470459 22905.17441996
1 135 0.8842639923095703 23414.84821296
1 136 0.8948731422424316 25602.607214890002
1 137 0.8294844627380371 24986.06938089
1 138 0.8822526931762695 25602.607214890002
1 139 0.8462920188903809 25369.33194189
1 140 0.9142377376556396 24986.06938089
1 141 0.9049103260040283 24986.06938089
1 142 0.7532591819763184 17159.96554894
1 143 0.8870141506195068 23414.84821296
1 144 0.8867123126983643 23414.84821296
1 145 0.9325551986694336 22846.42607667
1 146 0.8505978584289551 25602.607214890002
1 147 0.8948283195495605 22138.5909324
1 148 0.9371905326843262 21251.8211424
1 149 0.9064300060272217 24986.06938089
1 150 0.7655820846557617 18184.78914771
1 151 0.9963393211364746 23414.84821296
1 152 0.897881269454956 24986.06938089
1 153 0.7341804504394531 23414.84821296
1 154 0.9213533401489258 24986.06938089
1 155 0.9485857486724854 24777.732247400003
1 156 0.8725314140319824 16568.67213414
1 157 0.9084296226501465 23414.84821296
1 158 0.9300036430358887 22905.17441996
1 159 0.7009379863739014 19633.28735371
1 160 0.8897340297698975 23414.84821296
1 161 0.9049875736236572 17503.46592433
1 162 0.7398579120635986 21251.8211424
1 163 0.9057984352111816 23414.84821296
1 164 0.9636063575744629 23069.54871084
1 165 0.8860030174255371 23414.84821296
1 166 0.8060688972473145 24986.06938089
1 167 0.735292911529541 23157.71135537
1 168 0.9025561809539795 23157.711355370004
1 169 0.9469184875488281 23414.84821296
1 170 0.8499553203582764 23414.84821296
1 171 0.803922176361084 24751.46993152
1 172 0.85335373878479 23414.84821296
1 173 0.9158482551574707 23414.84821296
1 174 0.9011261463165283 23636.96494025
1 175 0.941464900970459 23157.71135537
1 176 0.7555041313171387 25832.93192031
1 177 0.8942980766296387 21238.442029420003
1 178 0.8573503494262695 25602.607214890002
1 179 0.9062809944152832 23157.711355370004
1 180 0.9561712741851807 24986.06938089
1 181 0.950498104095459 23301.35597742
1 182 0.8110055923461914 24986.06938089
1 183 0.8983924388885498 23414.84821296
1 184 0.9062836170196533 26453.7111598
1 185 0.9009037017822266 17746.02610854
1 186 0.8126468658447266 17693.57931694
1 187 0.9246525764465332 20844.358124339997
1 188 0.8858499526977539 23157.711355370004
1 189 0.8927464485168457 19070.07151967
1 190 0.8746569156646729 25602.607214890002
1 191 0.7494146823883057 23414.84821296
1 192 0.9383409023284912 17159.96554894
1 193 0.8764903545379639 25602.607214890002
1 194 0.9443435668945312 23414.84821296
1 195 0.8922948837280273 23414.84821296
1 196 0.8001255989074707 23414.84821296
1 197 0.8843033313751221 23414.84821296
1 198 0.8386492729187012 18649.25940584
1 199 0.9245011806488037 23414.84821296
