1 35977.684933519995 0.1100165843963623
1 27478.81256261 0.05829048156738281
1 43939.89150785001 0.07920289039611816
1 17270.25980074 0.05341958999633789
1 39470.60201870999 0.06764936447143555
1 41095.70865548 0.06239652633666992
1 43731.836625719996 0.06868267059326172
1 48678.136404009994 0.07532477378845215
1 45325.38980582 0.06965279579162598
1 39824.09769498 0.07524967193603516
1 21013.52943698 0.07843375205993652
1 46471.89989037 0.06704139709472656
1 49943.363758470005 0.07480692863464355
1 49549.01904436 0.12815117835998535
1 41238.238242620006 0.08182501792907715
1 38710.66367139001 0.07117414474487305
1 36458.956900440004 0.07631587982177734
1 51378.52941688 0.07959723472595215
1 42968.12977575 0.07377457618713379
1 55060.89798108 0.06622934341430664
1 41910.776113800006 0.0736849308013916
1 52784.24630184 0.07542943954467773
1 43381.02731941 0.07654547691345215
1 45239.83738258 0.07448148727416992
1 38141.62843195 0.0718233585357666
1 49788.74996836 0.07481217384338379
1 40045.38304508 0.07048416137695312
1 42859.821075980006 0.06395912170410156
1 38909.89580082 0.06651425361633301
1 41829.74093775 0.07675480842590332
1 35782.9514447 0.07102179527282715
1 32489.833128660004 0.059510231018066406
1 40629.62498363 0.07459831237792969
1 21734.37833714 0.058539390563964844
1 42608.100007450004 0.06629395484924316
1 47047.646013159996 0.06605911254882812
1 42657.17086939 0.07430410385131836
1 29370.60981175 0.05083799362182617
1 41970.00131995 0.08820247650146484
1 42512.05920275 0.07512140274047852
1 34543.136217679996 0.05805683135986328
1 42104.84844095 0.06918454170227051
1 31517.011234049998 0.07483053207397461
1 42040.63760195 0.06495404243469238
1 28536.07676373 0.0823974609375
1 50482.39817965 0.07742857933044434
1 49745.38227417 0.07226347923278809
1 34083.20299461001 0.053850650787353516
1 40524.03873708 0.06740760803222656
1 37069.28198243 0.07412552833557129
1 42430.302580300006 0.06616997718811035
1 51714.385475949995 0.0655527114868164
1 18747.72876456 0.08967089653015137
1 28694.75550148 0.07952380180358887
1 39488.24700185 0.06193804740905762
1 31168.49986546 0.06391215324401855
1 53760.616192810005 0.07256913185119629
1 38710.66367139001 0.06576681137084961
1 31517.011234049998 0.08042120933532715
1 43348.87915475 0.06765937805175781
1 44264.24875118001 0.06819605827331543
1 39707.29721859 0.07551741600036621
1 45076.422480580004 0.0645899772644043
1 38909.89580082 0.06749773025512695
1 47537.22900224 0.07602643966674805
1 35202.88291428 0.08705401420593262
1 46806.58967282 0.07724475860595703
1 49440.5664262 0.07912254333496094
1 37722.57279742 0.05747723579406738
1 42593.185861950005 0.07936453819274902
1 40053.350869680005 0.07494115829467773
1 49793.46043413 0.06652998924255371
1 24409.62330621 0.06534552574157715
1 42440.82839219 0.05152320861816406
1 33035.176562650006 0.07125568389892578
1 49556.32990139 0.07715511322021484
1 26562.48390598 0.07409405708312988
1 46837.17333716 0.06625199317932129
1 50617.95728439 0.06985974311828613
1 49214.42551352 0.060769081115722656
1 41833.994799750006 0.07690024375915527
1 39576.42474902 0.05852651596069336
1 35821.221904360005 0.06692743301391602
1 7840.95117207 0.06830072402954102
1 41426.85460005001 0.0763697624206543
1 40328.13151753 0.05773019790649414
1 35072.28165882 0.07311153411865234
1 33646.61822946 0.06390094757080078
1 50244.24663323 0.08070898056030273
1 39722.9671341 0.07268142700195312
1 44448.93612438 0.06904339790344238
1 42501.9542186 0.06491804122924805
1 34549.8757767 0.07282447814941406
1 52808.96908804001 0.063995361328125
1 42762.68411675 0.07910799980163574
1 40063.94131132 0.0666346549987793
1 45998.41670373 0.07527041435241699
1 48844.7932763 0.07424259185791016
1 35376.751601020005 0.06617522239685059
1 53023.63772172 0.07446432113647461
1 35486.57399866001 0.06713008880615234
1 35580.041337680006 0.08013606071472168
1 40595.854311890005 0.06854081153869629
1 32872.009548279995 0.059134721755981445
1 37069.28198243 0.0754384994506836
1 33722.64768765 0.07906794548034668
1 37242.11113377 0.0666968822479248
1 34738.36411242 0.06272292137145996
1 9313.74204828 0.07952713966369629
1 40235.39626218 0.06708550453186035
1 40595.85431189 0.07466959953308105
1 29629.967668210003 0.06295371055603027
1 44472.467536950004 0.06700682640075684
1 33226.178738689996 0.06924796104431152
1 48167.762501850004 0.07615041732788086
1 39060.88801565 0.0757136344909668
1 49189.12072536 0.0675501823425293
1 43068.09148275 0.07625770568847656
1 31168.49986546 0.06502604484558105
1 42329.71465116 0.0703895092010498
1 37844.89113428 0.06766986846923828
1 34005.22884502 0.07514309883117676
1 36185.28112631 0.07174968719482422
1 28792.53990461 0.06670761108398438
1 41756.17586387 0.06588315963745117
1 49637.54743116 0.05025649070739746
1 41279.46290336001 0.07077312469482422
1 52611.58491145 0.06923651695251465
1 51289.382615099996 0.0691840648651123
1 41743.01884095 0.07012438774108887
1 35782.9514447 0.07119631767272949
1 21166.97412107 0.044260263442993164
1 54162.621336710006 0.07974767684936523
1 49712.94369216 0.08232784271240234
1 57349.11048088001 0.06854486465454102
1 48444.38283547001 0.07824325561523438
1 49140.902544330005 0.06817817687988281
1 39747.66318712 0.06900167465209961
1 25315.827715350002 0.061495304107666016
1 31797.154305050004 0.07495760917663574
1 48654.28191989999 0.07096505165100098
1 54866.647961270006 0.06686949729919434
1 34749.803898109996 0.07428741455078125
1 42053.63774055 0.07176899909973145
1 24934.07078702 0.0762338638305664
1 38179.64863943 0.07795238494873047
1 40225.206777529995 0.0624852180480957
1 43465.60451595 0.08347725868225098
1 35333.75130335 0.05128765106201172
1 23292.908837389998 0.07366800308227539
1 33733.20087814 0.06447482109069824
1 37818.473486330004 0.07663679122924805
1 48333.503564579994 0.059565067291259766
1 48429.94497042999 0.06253480911254883
1 35611.412682220005 0.06633400917053223
1 40148.61705242 0.06294918060302734
1 39285.21115917 0.07640433311462402
1 37157.784442820004 0.05742001533508301
1 33134.09347306 0.06949758529663086
1 41604.943262960005 0.06903600692749023
1 61847.42868984 0.0600285530090332
1 42653.03648198 0.054338932037353516
1 31911.63117661 0.0672914981842041
1 54755.61591665 0.07120943069458008
1 33668.06447675 0.06369805335998535
1 42365.284812750004 0.06717085838317871
1 52269.51269177 0.08758211135864258
1 32851.326212479995 0.07387590408325195
1 39395.14596206 0.06978392601013184
1 41487.667105960005 0.06724977493286133
1 24669.82561524 0.06749725341796875
1 32347.72071321 0.07619571685791016
1 49275.751712729994 0.06570768356323242
1 29905.362181310004 0.06950592994689941
1 31809.66690505 0.07724118232727051
1 36541.440616010004 0.0737769603729248
1 41219.62249331 0.06780457496643066
1 41764.63330879 0.06640338897705078
1 47809.06269536 0.06624913215637207
1 42381.81275739 0.0740501880645752
1 31019.942225050003 0.06741809844970703
1 48530.2329723 0.0752096176147461
1 56487.80806028 0.0668797492980957
1 42750.80603443 0.06928443908691406
1 33611.0075202 0.06669807434082031
1 30702.79939881 0.06822466850280762
1 37208.9620117 0.07941269874572754
1 43779.44498584 0.0682532787322998
1 35474.06139866001 0.07011294364929199
1 23735.794138010002 0.07190227508544922
1 56041.6027055 0.08202815055847168
1 55354.767370680005 0.06586122512817383
1 50297.9562402 0.0769350528717041
1 37742.58978805 0.05907273292541504
1 42640.906000819996 0.07337450981140137
1 42850.85361875 0.07912945747375488
1 28814.14596548 0.0651698112487793
1 40833.387599739995 0.06165766716003418
1 28918.19681248 0.06527447700500488
1 29902.56268281 0.06569314002990723
2 32186.8990384 0.12631535530090332
2 40748.08913433 0.1271038055419922
2 37896.40319072 0.13103556632995605
2 50329.731008920004 0.1406238079071045
2 46950.564989160004 0.138075590133667
2 52808.96908804001 0.14220833778381348
2 50079.740651320004 0.14879465103149414
2 57395.254474140005 0.13812756538391113
2 53056.54495629 0.14825940132141113
2 37896.40319072 0.1245110034942627
2 59159.5514061 0.13568782806396484
2 40140.33598018 0.1427750587463379
2 44649.47157896 0.1439507007598877
2 54928.113554280004 0.13736510276794434
2 47498.87198936 0.13625884056091309
2 45165.39541468 0.14497041702270508
2 40947.727022880004 0.12018918991088867
2 52418.51408781001 0.1382310390472412
2 46324.73478082 0.13463091850280762
2 45718.760757899996 0.14291763305664062
2 43937.15109978001 0.14409089088439941
2 39278.20173309 0.13092947006225586
2 47954.687487569994 0.15036487579345703
2 31638.933880279998 0.12289714813232422
2 57349.110480879994 0.12093305587768555
2 48812.928979959994 0.13706326484680176
2 50212.97501296001 0.1552121639251709
2 39983.335051090005 0.1283407211303711
2 48314.57597961 0.13061952590942383
2 52694.24905945 0.1498243808746338
2 58810.84142506999 0.16045522689819336
2 41747.076789750005 0.13607382774353027
2 28797.68024148 0.12798213958740234
2 40628.21569972 0.14365482330322266
2 41659.76584768 0.1350712776184082
2 56875.23400843001 0.1390516757965088
2 54734.41321673 0.12943673133850098
2 43390.69652605 0.15278863906860352
2 49596.65533216 0.1348252296447754
2 46160.09516679 0.12130260467529297
2 47491.79186649 0.1312117576599121
2 42098.65017356 0.15605640411376953
2 39201.75886309 0.12849831581115723
2 41107.987429680004 0.14821648597717285
2 54388.40514531999 0.14807796478271484
2 37258.704673169996 0.13543319702148438
2 53111.296286540004 0.1470632553100586
2 51501.372123090005 0.14756274223327637
2 56914.59957128 0.1505427360534668
2 44478.76267462 0.1328413486480713
2 41035.85039496 0.13822197914123535
2 41064.42198305 0.15291142463684082
2 41235.08252439 0.13411617279052734
2 48310.54320425 0.15534543991088867
2 47652.471518460006 0.16255497932434082
2 48761.82922762 0.14959049224853516
2 53409.541908700005 0.14351248741149902
2 43963.367166020005 0.1461038589477539
2 50042.42535620001 0.14472270011901855
2 40129.23577056 0.16563630104064941
2 59827.75643014 0.12815332412719727
2 44124.81121976 0.14017319679260254
2 45320.14721781999 0.13511872291564941
2 47941.45363465 0.13112735748291016
2 34005.271034050005 0.13146471977233887
2 42676.71353455 0.1493368148803711
2 33287.90462736999 0.13755106925964355
2 41397.04549167999 0.12867021560668945
2 38770.17659452 0.13290977478027344
2 42154.78166188 0.14380145072937012
2 51828.390136090005 0.1483914852142334
2 48376.16686701 0.139296293258667
2 37934.73951042 0.14086580276489258
2 34005.22884502 0.13963556289672852
2 56875.23400843001 0.1387021541595459
2 54169.561724 0.14695501327514648
2 44649.47157896 0.13756775856018066
2 43716.264303640004 0.14497137069702148
2 41780.94915842 0.12458348274230957
2 44678.12512125001 0.15290617942810059
2 44595.72223937 0.11960744857788086
2 46551.61484346 0.1613750457763672
2 40185.95544936 0.14517521858215332
2 52704.408590670006 0.14308834075927734
2 48959.071994100006 0.14013910293579102
2 50285.70985878 0.13785457611083984
2 49783.703218020004 0.11690878868103027
2 45548.346699509995 0.13710999488830566
2 48053.49043702999 0.1491546630859375
2 41295.764808800006 0.13609838485717773
2 47892.23149009001 0.13997602462768555
2 51640.17511947 0.13862824440002441
2 42324.284855390004 0.13904857635498047
2 42381.81275739 0.13393640518188477
2 52679.38339067 0.12707304954528809
2 37570.656372699996 0.12492704391479492
2 50948.88750732 0.1511831283569336
2 33926.92435186 0.1289680004119873
2 50447.45606669999 0.14145445823669434
2 53748.21647571 0.13804316520690918
2 48464.88968385 0.15529322624206543
2 53497.25299722 0.12485814094543457
2 52717.6579907 0.13060569763183594
2 45444.00170082 0.14808130264282227
2 53373.59237155999 0.174116849899292
2 34347.33992391 0.12652087211608887
2 56260.18620373 0.12946057319641113
2 39068.73634375 0.1175687313079834
2 42291.68416136 0.12889337539672852
2 41457.48625488 0.15274596214294434
2 47664.301329249996 0.1328117847442627
2 45986.23647348 0.1551516056060791
2 34430.16353168 0.1385641098022461
2 43390.69652605 0.14883995056152344
2 49637.54743116 0.10691642761230469
2 53871.79099784 0.14065194129943848
2 59896.3682901 0.13869929313659668
2 62237.51123855 0.13785767555236816
2 35992.228400420005 0.1533362865447998
2 57618.95721586 0.15428829193115234
2 38801.00632305 0.14757204055786133
2 31108.484378049998 0.1320514678955078
2 42443.88796539001 0.12853002548217773
2 50617.95728439 0.15165066719055176
2 52707.09838404 0.1291952133178711
2 37534.60700796 0.16005253791809082
2 49745.38227417 0.1366276741027832
2 28223.052709479998 0.12895846366882324
2 56914.59957128 0.14137792587280273
2 57869.693572300006 0.14748287200927734
2 40569.229875490004 0.14119791984558105
2 40591.14941053 0.12807202339172363
2 47155.98521351 0.1349925994873047
2 43705.94241495 0.1346125602722168
2 48819.814168020006 0.136932373046875
2 48761.82922762 0.1410675048828125
2 48363.01560055 0.13249611854553223
2 55662.87690065001 0.12154269218444824
2 45730.666208970004 0.13340210914611816
2 49656.77411076 0.12717509269714355
2 48785.7638563 0.15410733222961426
2 50881.75991694 0.1403217315673828
2 35782.9514447 0.1386091709136963
2 56233.34505025 0.13963651657104492
2 43753.881003849994 0.13181734085083008
2 47802.72853917 0.1497492790222168
2 54162.621336710006 0.1410079002380371
2 36868.32294125001 0.11032795906066895
2 47890.78927046 0.15505099296569824
2 45537.85121247001 0.12631440162658691
2 53739.91987671 0.13105559349060059
2 47562.72893404 0.16439318656921387
2 42823.82933209 0.12326264381408691
2 54083.910789450005 0.13567757606506348
2 46958.281480360005 0.13541173934936523
2 39153.17753442 0.1407310962677002
2 34600.103596689994 0.13086915016174316
2 35049.842974939995 0.12370514869689941
2 42738.920100179996 0.14264917373657227
2 41793.55367392 0.1288127899169922
2 43193.58912276 0.1213223934173584
2 40651.96064028 0.15391230583190918
2 54162.621336710006 0.14569830894470215
2 43652.29463302001 0.14881014823913574
2 52376.70881825 0.14452362060546875
2 49041.50459859001 0.13885831832885742
2 53409.541908700005 0.14174532890319824
2 43673.69081302 0.12485861778259277
2 40518.89783984001 0.13938236236572266
2 47531.28537726 0.1284492015838623
2 38086.52738308 0.15323257446289062
2 52217.52600317999 0.1291823387145996
2 43800.69586575 0.12938666343688965
2 53348.36085604001 0.13277506828308105
2 54162.621336710006 0.14153742790222168
2 43390.69652605 0.14820098876953125
2 42410.79841775 0.14592313766479492
2 50419.596675609995 0.13899683952331543
2 45325.38980582 0.13949990272521973
2 48252.75651336 0.14939069747924805
2 50478.51820688 0.14756155014038086
2 48661.160047649995 0.1527695655822754
2 36325.087370949994 0.12208390235900879
2 39747.66318712 0.1316070556640625
2 53481.84287645 0.1441946029663086
2 42381.748708650004 0.13619303703308105
2 40797.22168574 0.1430985927581787
2 44595.72223937 0.12683343887329102
2 37306.42681315001 0.15490126609802246
2 41035.85039496 0.14593958854675293
2 45174.29641131999 0.11958456039428711
2 48402.31481585 0.13219738006591797
2 34996.38493768 0.13657402992248535
2 50427.30742561001 0.13435149192810059
2 44306.10405164 0.13997960090637207
2 40535.21569494 0.14700603485107422
2 44595.72223937 0.136399507522583
2 45082.50944033 0.15360236167907715
2 42617.20294849 0.12711215019226074
2 34189.36837005 0.11504769325256348
3 41468.89651672 0.19441604614257812
3 48970.3639824 0.20113849639892578
3 48832.2112954 0.21549248695373535
3 48857.35355336 0.19745802879333496
3 36816.63715018 0.18683600425720215
3 39355.62967929999 0.18795156478881836
3 44875.2255953 0.21853041648864746
3 38891.56477161 0.21203947067260742
3 48535.05584719 0.20926976203918457
3 35343.20685968 0.1918621063232422
3 47649.51389231 0.20417261123657227
3 46072.85318017 0.20878934860229492
3 48429.94497042999 0.20226383209228516
3 52948.07609717 0.19920730590820312
3 43907.538849820005 0.19306182861328125
3 53348.36085604001 0.19223618507385254
3 53348.36085604001 0.20758485794067383
3 33854.84438269 0.19672465324401855
3 53348.36085604001 0.2150120735168457
3 42253.04680175 0.19948196411132812
3 49126.72921738 0.17390799522399902
3 57869.693572300006 0.20790505409240723
3 49293.6863437 0.20819592475891113
3 44895.620646380004 0.18318676948547363
3 37235.060100810006 0.21724963188171387
3 48807.67520665 0.20313668251037598
3 52032.846344829995 0.21268415451049805
3 51845.659892640004 0.21879816055297852
3 56612.68595643 0.18748998641967773
3 52946.792093640004 0.20195388793945312
3 51250.605456499994 0.20611834526062012
3 35001.832598680005 0.17996811866760254
3 49912.304994759994 0.1928417682647705
3 41107.987429680004 0.19015932083129883
3 43362.88943102 0.21225976943969727
3 32847.86932448 0.22627902030944824
3 40233.66796309 0.21366000175476074
3 55005.11508073 0.20274662971496582
3 31684.67999805 0.2283639907836914
3 47412.76841312 0.22423100471496582
3 49263.674230389996 0.1980760097503662
3 38686.306045360005 0.21094083786010742
3 40422.122207090004 0.19048261642456055
3 53934.35248696 0.25106263160705566
3 46654.0264325 0.1779475212097168
3 43771.85383437 0.20598077774047852
3 39591.34901553 0.20103979110717773
3 49097.14935652 0.20304393768310547
3 44980.92537484999 0.25721263885498047
3 48472.41173059 0.2071850299835205
3 52763.03842773 0.20899486541748047
3 52452.52010682 0.279752254486084
3 42945.037325749996 0.21690058708190918
3 37389.6555847 0.2319469451904297
3 44413.21302876 0.23426508903503418
3 56132.85950410001 0.20970726013183594
3 40524.03873708 0.21639227867126465
3 39967.78766445 0.20911049842834473
3 42865.21575335 0.22620391845703125
3 44028.45361113 0.22348594665527344
3 38573.73193156 0.21558308601379395
3 41071.18610442 0.2005622386932373
3 47211.35674582 0.1976315975189209
3 52742.6831907 0.18218445777893066
3 43348.87915475 0.21591806411743164
3 49623.54235915001 0.2259669303894043
3 46950.564989160004 0.1908130645751953
3 42860.706600050005 0.20589900016784668
3 41343.09614776 0.20384740829467773
3 49359.03483232999 0.1999797821044922
3 48732.90661836001 0.19547581672668457
3 45954.903902089995 0.2270512580871582
3 42730.00759449 0.19180512428283691
3 54726.24121844001 0.2023301124572754
3 55389.17614824 0.20437312126159668
3 46274.56260654 0.18871808052062988
3 49128.37677659 0.2123110294342041
3 48776.61441763001 0.22725296020507812
3 57349.11048088001 0.2099156379699707
3 47976.4315655 0.2253413200378418
3 43661.89976431 0.20781826972961426
3 46842.36230616 0.1967170238494873
3 44853.30425986 0.2342824935913086
3 56612.68595643 0.20589733123779297
3 53046.44724119 0.21539711952209473
3 45347.32735658 0.19695186614990234
3 47371.39293713002 0.21858692169189453
3 35731.56013027 0.22240614891052246
3 40108.424183940006 0.20483684539794922
3 50688.73499549 0.20794296264648438
3 40795.71877259 0.2098383903503418
3 53860.70772186001 0.19810247421264648
3 43636.3881658 0.20493555068969727
3 49303.98115392999 0.23253774642944336
3 43348.87915475001 0.193831205368042
3 58378.866674610006 0.20116853713989258
3 51197.09174939 0.1912684440612793
3 38272.880123689996 0.22068119049072266
3 36931.10699415 0.2218456268310547
3 56487.80806028 0.20642900466918945
3 52808.96908804001 0.2121727466583252
3 44808.574135799994 0.2204885482788086
3 50644.129830540005 0.21274971961975098
3 53977.98387886001 0.20431137084960938
3 47047.646013159996 0.18806886672973633
3 50167.55209120001 0.20241284370422363
3 51791.9373746 0.2094864845275879
3 49000.77898833 0.214705228805542
3 41787.220040390006 0.20511078834533691
3 42689.44597305 0.2146165370941162
3 49237.87032509 0.20407819747924805
3 48821.65248387 0.20639944076538086
3 48761.82922762 0.23507428169250488
3 42221.71746145 0.19544458389282227
3 46753.93771169 0.22914838790893555
3 41090.91779252 0.2340092658996582
3 50094.15356339 0.20617437362670898
3 47671.233608170005 0.20395207405090332
3 43381.02731941 0.1926736831665039
3 47389.52645223 0.20126843452453613
3 54075.04627971 0.1985175609588623
3 47624.62738816 0.1991579532623291
3 51647.358355000004 0.209120512008667
3 53348.36085604001 0.20797371864318848
3 53348.36085604001 0.23355340957641602
3 48321.61757355 0.22822952270507812
3 34023.089247519994 0.23049497604370117
3 54614.43804771 0.20873141288757324
3 52924.20383373 0.18106627464294434
3 42946.56833593 0.20176291465759277
3 53348.36085604001 0.2153160572052002
3 54505.681302319994 0.22524094581604004
3 49142.69198901 0.2119286060333252
3 53234.00725983 0.20387601852416992
3 48618.65772069 0.20644021034240723
3 33598.355068950004 0.19939160346984863
3 44701.34113956 0.21889567375183105
3 44028.45361113 0.2164597511291504
3 38220.98132515 0.2155468463897705
3 56403.313325669995 0.2038888931274414
3 46008.52990701 0.19696950912475586
3 43928.49070839 0.22104954719543457
3 53348.36085604001 0.18794894218444824
3 39260.309425470004 0.21758198738098145
3 51182.23019864 0.21540522575378418
3 40335.56002872 0.21257448196411133
3 41406.910446810005 0.22164154052734375
3 50745.27503839 0.21959781646728516
3 42133.52083771 0.21303963661193848
3 47831.51870099999 0.2035655975341797
3 43093.116682750006 0.21469736099243164
3 41412.28571348 0.23553943634033203
3 46785.32354059 0.19085907936096191
3 49422.93705861 0.21950817108154297
3 42413.3581375 0.2070751190185547
3 53375.08296737001 0.20775866508483887
3 44441.51030908 0.18193411827087402
3 44789.41584719001 0.22063326835632324
3 35574.212294079996 0.20105767250061035
3 51430.8585119 0.22484779357910156
3 41055.63007211 0.2126932144165039
3 50627.3343826 0.1995689868927002
3 36189.65863182 0.19337773323059082
3 44137.963357140005 0.23107242584228516
3 48302.71917250001 0.20041918754577637
3 49343.784436019996 0.22091031074523926
3 47047.646013159996 0.2003955841064453
3 49321.00929485999 0.21835970878601074
3 42707.466837390006 0.18501877784729004
3 57844.668372299995 0.21049809455871582
3 39237.70436442 0.2012794017791748
3 57921.700408239994 0.20150351524353027
3 57181.064884939995 0.2039809226989746
3 37693.00224684 0.2052757740020752
3 49838.832606740005 0.22399210929870605
3 39515.97095345 0.2008504867553711
3 49549.01904436 0.19176125526428223
3 49728.5141115 0.21169590950012207
3 54212.54193237 0.20303821563720703
3 52184.793400450006 0.21642398834228516
3 39501.66037196 0.22081685066223145
3 44057.10740726 0.20817112922668457
3 56618.091262459995 0.2036283016204834
3 42836.1417579 0.21442580223083496
3 41764.63330879 0.20528006553649902
3 56487.80806028 0.20740294456481934
3 52717.6579907 0.20919466018676758
3 49275.751712729994 0.2003188133239746
3 45076.422480580004 0.19696259498596191
3 45732.90690202001 0.24140429496765137
3 49214.42551352 0.1963825225830078
3 44057.10740726 0.20776772499084473
3 49439.45363736 0.20940637588500977
3 54200.63895845001 0.22370195388793945
3 49344.89708143 0.20997405052185059
3 43348.87915475 0.20737361907958984
3 54348.71107109001 0.2122185230255127
3 40964.497495669995 0.20054411888122559
3 42683.18485475 0.2080230712890625
3 47473.240265 0.18959975242614746
4 51274.285467 0.27739453315734863
4 43329.0712381 0.27664804458618164
4 46837.17333716 0.29428887367248535
4 49381.19628602 0.29161739349365234
4 48709.51703782 0.2679007053375244
4 53348.36085604001 0.2486591339111328
4 49198.40567501 0.2881760597229004
4 39658.45912564 0.2689516544342041
4 40491.68674494 0.2757141590118408
4 56487.80806028 0.26169347763061523
4 48087.04958499999 0.26041460037231445
4 44140.350127159996 0.288327693939209
4 49188.62073862 0.26120567321777344
4 46371.89769880001 0.28897547721862793
4 56570.974017 0.25902581214904785
4 60916.52618562001 0.2930004596710205
4 52025.27229847001 0.28275251388549805
4 43172.926694350004 0.27198290824890137
4 49870.26910003 0.2758200168609619
4 53654.52382645001 0.26427483558654785
4 53748.21647571 0.26172518730163574
4 51264.35741509999 0.29053449630737305
4 56397.02638273 0.2762784957885742
4 49359.160132560006 0.2871367931365967
4 52049.14952053 0.27099061012268066
4 54231.32744445001 0.27875185012817383
4 51681.39810603 0.2606391906738281
4 49728.5141115 0.2980046272277832
4 47723.19438975 0.28272533416748047
4 50295.32070439 0.2609543800354004
4 55267.72163721 0.2859220504760742
4 48895.370405830006 0.2617497444152832
4 50834.80487974 0.2628321647644043
4 57869.693572300006 0.26711583137512207
4 42633.33103681 0.2564728260040283
4 52719.27425945 0.2700777053833008
4 56939.62477128 0.27857351303100586
4 53247.671107730006 0.255918025970459
4 52207.71402091 0.2915043830871582
4 60445.52981164001 0.29872894287109375
4 40602.322773420005 0.3056507110595703
4 52804.50568047 0.2649414539337158
4 49407.178768599995 0.28133296966552734
4 52694.24905945 0.2542440891265869
4 59234.33010230001 0.30463218688964844
4 51496.10962899999 0.25559306144714355
4 52689.96511718001 0.28014206886291504
4 52807.21574883 0.2624530792236328
4 52361.134054140006 0.27599430084228516
4 45008.266329089995 0.2674593925476074
4 54312.52443286 0.26723575592041016
4 54212.541932370004 0.28996920585632324
4 56395.64603427 0.2440035343170166
4 44647.21547168 0.26475095748901367
4 40253.77476705 0.23712468147277832
4 50613.17550772 0.28391289710998535
4 46535.28043486 0.25434136390686035
4 54994.10901206 0.27901172637939453
4 47958.5910746 0.27982449531555176
4 44028.45361113 0.2857961654663086
4 53046.44724119 0.2819826602935791
4 40447.602057740005 0.2887904644012451
4 46489.02386826999 0.2866530418395996
4 45239.83738258 0.2559471130371094
4 52699.05958729 0.2613210678100586
4 52753.15276781999 0.2694401741027832
4 45332.96452635 0.28877949714660645
4 52244.37511921999 0.24591541290283203
4 45325.38980582 0.2733006477355957
4 41459.1797108 0.2508876323699951
4 46654.0264325 0.25920915603637695
4 56487.80806028 0.3037247657775879
4 46434.91349269 0.2894172668457031
4 44127.58868868 0.28232479095458984
4 48807.67520665 0.2930564880371094
4 56487.80806028 0.2664649486541748
4 49381.19628602 0.25851893424987793
4 53623.83534045 0.27767181396484375
4 45890.41558354 0.27730774879455566
4 56914.59957128 0.288651704788208
4 48761.82922761999 0.27283382415771484
4 44649.47157896 0.2743864059448242
4 43585.117394470006 0.29730987548828125
4 38633.34438535 0.25248098373413086
4 57162.17115627 0.2756307125091553
4 55718.17178164001 0.27141666412353516
4 53410.6282115 0.2756035327911377
4 46256.08920029001 0.2807645797729492
4 54162.621336710006 0.27036499977111816
4 47468.27371056001 0.2928040027618408
4 50649.67747861 0.2914423942565918
4 62670.343059759995 0.28621768951416016
4 52611.58491145 0.27142763137817383
4 47936.905762790004 0.2657926082611084
4 50650.109382899995 0.301438570022583
4 28184.43050048 0.27265286445617676
4 55976.59256693 0.3069183826446533
4 50175.59978659 0.31911158561706543
4 58753.34539392 0.28894567489624023
4 59508.65509802 0.26824378967285156
4 56939.62477128 0.293377161026001
4 38870.619603060004 0.2942228317260742
4 49173.50321661 0.27404308319091797
4 43894.128967790006 0.23026776313781738
4 42703.3986056 0.2815563678741455
4 47082.06765719 0.2550389766693115
4 50419.596675609995 0.28178834915161133
4 47837.25944708 0.2394580841064453
4 43832.737241359995 0.28237128257751465
4 49064.23976545999 0.26088452339172363
4 41806.44331165 0.27949976921081543
4 39133.311357260005 0.2502264976501465
4 42511.51121475 0.2776503562927246
4 43941.710932789996 0.27034497261047363
4 48761.82922761999 0.26815176010131836
4 48043.681582679994 0.294234037399292
4 56905.833167430006 0.2716481685638428
4 42587.84386239 0.27225637435913086
4 52822.73357794 0.28963613510131836
4 37360.141055390006 0.2776165008544922
4 49167.62941009001 0.289583683013916
4 51947.92634 0.2616598606109619
4 57067.07649168001 0.27266502380371094
4 59871.343090099996 0.2722957134246826
4 40872.72205493 0.29421019554138184
4 55931.540446249994 0.28292322158813477
4 47656.15739936 0.29851293563842773
4 49514.055577470004 0.30683326721191406
4 46966.474051619996 0.27538323402404785
4 59209.3049023 0.2873408794403076
4 57181.064884939995 0.2652251720428467
4 58945.86468307001 0.2907733917236328
4 51485.98053284 0.2636985778808594
4 57279.37655761 0.26283717155456543
4 37870.502893130004 0.2691221237182617
4 49487.069393469996 0.29209327697753906
4 55265.50428369 0.2797212600708008
4 54045.18205726001 0.27479124069213867
4 40398.41274754999 0.30323076248168945
4 45691.36522983001 0.22888445854187012
4 40485.496385850005 0.30731678009033203
4 65954.92923782999 0.26778078079223633
4 48333.503564579994 0.25964784622192383
4 46706.03248518 0.2876241207122803
4 58461.07645407 0.29114484786987305
4 57437.98747199999 0.2743492126464844
4 44788.01615636 0.26741695404052734
4 48493.92737208 0.2841498851776123
4 50227.308090599996 0.27493810653686523
4 49894.54266603 0.2942366600036621
4 53654.52382645001 0.2769918441772461
4 60900.72400648 0.2846379280090332
4 48326.999599400006 0.29149723052978516
4 45722.52749473 0.2696042060852051
4 49681.129569790006 0.26617431640625
4 59341.227786690004 0.2504606246948242
4 52846.46850634 0.2862284183502197
4 54162.621336710006 0.2716794013977051
4 44519.41398728001 0.2913239002227783
4 41462.64190596 0.2743544578552246
4 52554.31650712 0.29323554039001465
4 48320.32676379 0.2687242031097412
4 44850.57896088 0.2995011806488037
4 49728.63625515 0.26901817321777344
4 58769.993629070006 0.29485440254211426
4 44056.19347068 0.27394723892211914
4 53748.21647571 0.23835396766662598
4 54083.910789450005 0.28719282150268555
4 48395.181768250004 0.2938816547393799
4 43291.996219220004 0.30548954010009766
4 59628.47985321001 0.2985100746154785
4 51047.81406719 0.23737144470214844
4 45798.35821307 0.2667429447174072
4 46706.03248518 0.29973459243774414
4 49803.69680372 0.2811546325683594
4 44888.00538596 0.2844982147216797
4 52435.126312450004 0.2997775077819824
4 53885.389391029996 0.27146244049072266
4 48226.44455843 0.27779626846313477
4 37301.62522601 0.289229154586792
4 56939.62477128 0.275909423828125
4 57476.65585886001 0.2951622009277344
4 43362.88943102 0.2702465057373047
4 64594.64965433001 0.28705430030822754
4 52435.126312450004 0.2747676372528076
4 53348.36085604001 0.2825171947479248
4 49133.35458929001 0.27567291259765625
4 52483.97819588 0.2812843322753906
4 41773.999213020004 0.2865121364593506
4 48214.55677185001 0.28357744216918945
4 41726.35870876 0.25263452529907227
4 43088.86282075 0.2769005298614502
4 47276.22988151 0.2959110736846924
4 43894.128967790006 0.2518439292907715
4 56693.625966789994 0.2771022319793701
4 51023.952555 0.26828885078430176
4 49241.83442971 0.2740483283996582
4 44645.77140114999 0.2895827293395996
4 43557.414949679995 0.2885112762451172
4 48633.27669565 0.2676582336425781
5 50979.08666085 0.3463597297668457
5 44228.978789529996 0.335648775100708
5 57076.1579651 0.3735358715057373
5 55982.62907294 0.3250758647918701
5 54924.903568550006 0.38141632080078125
5 49712.03730923 0.3486156463623047
5 47220.435898159994 0.32933831214904785
5 59459.497146040005 0.3401479721069336
5 42149.99851547 0.359375
5 45287.11520579 0.3099238872528076
5 52719.27425945 0.3434278964996338
5 55354.767370680005 0.3239023685455322
5 53309.96670745 0.33562493324279785
5 53348.36085604001 0.35429811477661133
5 45382.65981168 0.38492631912231445
5 55402.637392000004 0.3260776996612549
5 58486.10165407 0.3430204391479492
5 58846.21791739999 0.36796140670776367
5 44319.201531650004 0.33513879776000977
5 52293.881001730006 0.34866905212402344
5 58846.21791739999 0.3504307270050049
5 53312.18481145 0.3631448745727539
5 40595.854311890005 0.3216831684112549
5 48682.97794192 0.35018038749694824
5 54058.88558945 0.3433077335357666
5 49222.13626352 0.3612499237060547
5 44129.62013189 0.36621761322021484
5 53860.70772186001 0.3277294635772705
5 58038.46344025 0.35213255882263184
5 49738.55583136 0.35055017471313477
5 46393.7979665 0.3319852352142334
5 47738.22926798999 0.3507211208343506
5 51062.15493769 0.3363990783691406
5 50671.96863193 0.3654673099517822
5 51161.093797830006 0.34519100189208984
5 53348.36085604001 0.30406928062438965
5 54184.8782699 0.3804967403411865
5 47047.646013159996 0.35165858268737793
5 58000.95228355999 0.34761667251586914
5 49211.39426905 0.3565361499786377
5 54312.52443286 0.330000638961792
5 49381.19628602 0.34878015518188477
5 47141.44390656 0.34468889236450195
5 54480.963863729994 0.3320329189300537
5 45617.21212568 0.3650660514831543
5 61499.177357479995 0.35187792778015137
5 49793.46043413 0.3422377109527588
5 52775.50380702999 0.36974477767944336
5 56870.76553125001 0.32651615142822266
5 43109.37170133 0.36106109619140625
5 56939.62477128 0.34265613555908203
5 54162.621336710006 0.35342907905578613
5 46567.0240521 0.3798549175262451
5 49973.7726967 0.34512877464294434
5 43800.69586575 0.315065860748291
5 41222.01401345 0.3667595386505127
5 52511.127335560006 0.3572678565979004
5 53046.44724119 0.3379487991333008
5 45270.46700972 0.3344604969024658
5 46986.46606569 0.3244462013244629
5 54358.68270743 0.3651902675628662
5 48589.26239230001 0.36249566078186035
5 52153.95073939 0.33126401901245117
5 42683.18485475 0.3706629276275635
5 58708.755703639996 0.362332820892334
5 49719.74805923 0.34539794921875
5 42431.49202679 0.34029483795166016
5 48401.19206701001 0.3430032730102539
5 42431.32780475 0.3540210723876953
5 55103.67441906 0.3057546615600586
5 45101.28828995999 0.3647942543029785
5 59234.3301023 0.3313014507293701
5 47531.28537726 0.3406968116760254
5 46276.73556904 0.341137170791626
5 56914.59957128 0.3775978088378906
5 52704.408590670006 0.360889196395874
5 48796.377374050004 0.361889123916626
5 50910.760885829994 0.3547515869140625
5 56914.59957128 0.3474149703979492
5 50401.831630160006 0.3247947692871094
5 52944.673849900006 0.3722858428955078
5 49543.59144596 0.35973691940307617
5 47168.10386996 0.3577919006347656
5 48355.85849564999 0.3332068920135498
5 40918.478255940005 0.3429725170135498
5 42805.95404255 0.37018632888793945
5 51848.00011524 0.3559389114379883
5 59234.33010230001 0.337878942489624
5 44127.58868868 0.33864760398864746
5 48915.80766198 0.3902127742767334
5 44131.074191759995 0.36029601097106934
5 58570.628142730005 0.3684525489807129
5 47134.06904534 0.34568214416503906
5 49527.67012452 0.34137940406799316
5 53760.616192810005 0.355515718460083
5 56790.814990729996 0.34393906593322754
5 51614.325163550006 0.3684532642364502
5 53357.54886896 0.33678412437438965
5 40607.139957549996 0.3700435161590576
5 56403.313325669995 0.3737189769744873
5 49860.8092606 0.3848557472229004
5 42222.35831575 0.32495784759521484
5 53191.53031089 0.3387277126312256
5 49526.36996176001 0.3500235080718994
5 58875.12927843 0.36011838912963867
5 46768.10694697 0.36165690422058105
5 39207.00562509 0.31503796577453613
5 57343.59910386001 0.3666517734527588
5 59424.28050464001 0.36547398567199707
5 56602.59853673 0.3406705856323242
5 44129.17169337 0.372175931930542
5 53909.327286960004 0.35195469856262207
5 49768.43523413 0.35158514976501465
5 52922.63143394 0.36591315269470215
5 48282.13963897 0.3496720790863037
5 46436.79562802 0.34601640701293945
5 51237.94149582001 0.3459179401397705
5 49138.54326197 0.35486602783203125
5 45008.485444690006 0.3581390380859375
5 54083.910789450005 0.34143996238708496
5 55103.67441906 0.35656023025512695
5 53228.66095055 0.35895657539367676
5 44672.24067168 0.3618614673614502
5 49828.7185237 0.34775567054748535
5 45608.61391841 0.3447554111480713
5 38710.66367138999 0.3549623489379883
5 50376.58745582999 0.32497239112854004
5 45098.21078210001 0.35348033905029297
5 49416.939452160004 0.3394031524658203
5 44539.79515865 0.3519775867462158
5 53263.260943810004 0.3627333641052246
5 65149.325973729996 0.3578648567199707
5 56403.313325669995 0.3326303958892822
5 47949.37535601001 0.35709238052368164
5 47258.36226282999 0.3718588352203369
5 40460.47118585 0.3491239547729492
5 55058.44232074999 0.35591912269592285
5 45315.44125914 0.3506331443786621
5 53409.541908700005 0.3427455425262451
5 57155.75709371999 0.31522488594055176
5 45684.48779749 0.3198857307434082
5 57963.07554191 0.3352961540222168
5 51366.14625656 0.3672032356262207
5 52679.38339067 0.3554799556732178
5 56875.23400843001 0.3660464286804199
5 53799.76284245001 0.34987473487854004
5 59100.151606069994 0.37052440643310547
5 45617.21212568 0.3496112823486328
5 56215.740813430006 0.3494265079498291
5 53414.236447040006 0.34801530838012695
5 54431.99517086 0.34459757804870605
5 51339.69025872 0.35270023345947266
5 43894.128967790006 0.33355116844177246
5 50462.90073121 0.3395884037017822
5 56612.68595643 0.3518953323364258
5 49250.276527049995 0.32834553718566895
5 56056.52833609001 0.35173583030700684
5 44789.41584719001 0.32657575607299805
5 61198.110085800006 0.3565387725830078
5 45062.20915481001 0.3389708995819092
5 54322.57726838001 0.34412598609924316
5 39458.843612330005 0.36267757415771484
5 44300.28859656 0.3619349002838135
5 51616.72212285 0.3424825668334961
5 55334.26459007 0.3358285427093506
5 45382.65981168 0.34679460525512695
5 45539.9675824 0.3523123264312744
5 52742.6831907 0.35695600509643555
5 51745.23047083 0.3658604621887207
5 48275.56942598 0.3108224868774414
5 46303.13869744 0.3402688503265381
5 47671.233608170005 0.35082149505615234
5 50643.13100167 0.34858059883117676
5 37304.51489831 0.3232755661010742
5 48930.400832360014 0.36510348320007324
5 50103.903595020005 0.33126235008239746
5 42436.448757750004 0.34969496726989746
5 44129.37093258 0.34828758239746094
5 50395.297358020005 0.34054040908813477
5 55354.767370680005 0.35553622245788574
5 42076.278896389995 0.3518214225769043
5 56969.53350989 0.3523142337799072
5 56343.61125716 0.37162137031555176
5 56637.71115643001 0.3568079471588135
5 52613.10356976 0.36771726608276367
5 56397.02638273001 0.3316023349761963
5 47480.00917195 0.3488743305206299
5 56487.80806028 0.36286377906799316
5 48935.724126400004 0.33548569679260254
5 56185.89444543 0.3319435119628906
5 42251.5818946 0.3225212097167969
5 54710.31406944 0.36869311332702637
5 53277.300529839995 0.3406519889831543
5 39260.309425470004 0.3348259925842285
5 50054.975968290004 0.3685007095336914
5 45962.94658156001 0.35083961486816406
5 54825.132671030005 0.35835862159729004
5 52694.24905945 0.3702836036682129
5 57489.081043549995 0.3384215831756592
5 48333.503564579994 0.3520848751068115
6 43788.03436817 0.4314696788787842
6 56087.92486297 0.3949425220489502
6 51305.67902031999 0.44885683059692383
6 51791.9373746 0.4349629878997803
6 54808.97116857 0.42064666748046875
6 54893.54232396 0.39120936393737793
6 49295.23699025001 0.42819643020629883
6 54747.64399843 0.3821139335632324
6 57244.20547287 0.42927050590515137
6 52206.28471066999 0.40638160705566406
6 54212.541932370004 0.42834019660949707
6 53748.21647571 0.3929750919342041
6 45382.65981168 0.4124617576599121
6 50238.85101120001 0.4135100841522217
6 49639.43830869 0.46297407150268555
6 49793.46043413 0.42470860481262207
6 54173.141110959994 0.39040565490722656
6 44625.657875970006 0.4140658378601074
6 65525.15279731001 0.40825366973876953
6 53860.70772186001 0.43038439750671387
6 46849.64281696 0.41977500915527344
6 42699.50068226 0.4162421226501465
6 56939.62477128 0.4336380958557129
6 56394.52820806001 0.4058108329772949
6 44461.21387496 0.42343854904174805
6 51448.70967183 0.41554856300354004
6 49295.23699025001 0.4255833625793457
6 47142.68256065 0.41235923767089844
6 56487.80806028 0.40111398696899414
6 43369.96770888 0.4102001190185547
6 44826.978556329996 0.40441060066223145
6 49853.35317615 0.4120612144470215
6 54075.04627971 0.4475827217102051
6 41980.383947350005 0.3919968605041504
6 44367.91339408 0.4174942970275879
6 56587.61813443 0.38866233825683594
6 51701.521108479996 0.40563535690307617
6 66926.32253373001 0.4179692268371582
6 48306.75779688 0.38625550270080566
6 52020.72145145 0.44080209732055664
6 56149.306714000006 0.4012432098388672
6 47318.80099134 0.4299440383911133
6 58562.65085409999 0.4469108581542969
6 56939.62477128 0.40860867500305176
6 50274.45036501 0.38286542892456055
6 47970.89314033 0.44169020652770996
6 56595.32888443001 0.3978734016418457
6 54355.44597083 0.4065380096435547
6 53348.36085604001 0.3892085552215576
6 51329.64875951 0.394101619720459
6 54269.387105960006 0.40433573722839355
6 55354.767370680005 0.41344666481018066
6 55925.212019449995 0.404874324798584
6 53748.21647571 0.4253427982330322
6 59211.23029448001 0.41977810859680176
6 57423.521640520004 0.42018699645996094
6 60445.52981164001 0.42919421195983887
6 46779.44605581999 0.3944427967071533
6 50229.74384759 0.43212270736694336
6 53775.251015530004 0.42534399032592773
6 50544.58358261001 0.4080386161804199
6 47141.937331839996 0.4153141975402832
6 45447.426243019996 0.404127836227417
6 44542.65751050001 0.41342854499816895
6 56224.94632458 0.4358198642730713
6 50154.44608692 0.43892979621887207
6 45201.339138719995 0.4036736488342285
6 56951.78320843 0.4190707206726074
6 50229.61739456 0.4239368438720703
6 50558.54686976 0.4387226104736328
6 59391.08523861 0.40959620475769043
6 53046.44724119 0.42337703704833984
6 48618.17442740001 0.406796932220459
6 50125.393810760004 0.4256441593170166
6 55354.767370680005 0.4059319496154785
6 45377.644413 0.4113779067993164
6 46110.95339448 0.44962573051452637
6 57349.11048088001 0.40036773681640625
6 43711.80203985001 0.38364720344543457
6 54469.42083712 0.4124734401702881
6 47202.62688101001 0.3856215476989746
6 56973.47678440001 0.42740345001220703
6 53748.21647571 0.3970341682434082
6 53661.881210039995 0.42996811866760254
6 56757.95785143 0.3989424705505371
6 54312.52443286 0.38664722442626953
6 46548.359762750006 0.40369176864624023
6 46906.122790609996 0.3971278667449951
6 46849.920241850006 0.4314248561859131
6 50863.50841972 0.411160945892334
6 54083.910789450005 0.4351491928100586
6 51052.765972320005 0.4283566474914551
6 53909.327286960004 0.4076051712036133
6 45064.1050198 0.44439053535461426
6 55120.90885010001 0.41797423362731934
6 50675.49799658 0.4084320068359375
6 46010.92930373 0.42418718338012695
6 53385.25302237 0.42760777473449707
6 42136.02715139 0.41341686248779297
6 55103.67441906 0.4277472496032715
6 38426.55630966999 0.4362657070159912
6 50617.95728439 0.4130270481109619
6 49185.41333057 0.4216325283050537
6 54614.43804771 0.42426633834838867
6 49297.12188347 0.43024659156799316
6 46785.323540590005 0.4275705814361572
6 43789.417443809994 0.4373323917388916
6 46525.59638616 0.43523669242858887
6 58697.90046064 0.41597819328308105
6 50094.15356339 0.4038236141204834
6 56487.80806028 0.4130232334136963
6 44360.14276672 0.42110395431518555
6 53409.541908700005 0.41432929039001465
6 51630.487879500004 0.4329831600189209
6 54226.55435345 0.4151194095611572
6 48657.15987608 0.40175366401672363
6 57101.1831651 0.4183511734008789
6 56939.62477128 0.40264439582824707
6 57420.13048199 0.42635369300842285
6 51027.544882550006 0.3850555419921875
6 58562.65085409999 0.43547964096069336
6 52515.85942232 0.441455602645874
6 53799.76284245001 0.41071152687072754
6 39097.73546369 0.388704776763916
6 53799.76284245001 0.4160335063934326
6 55872.15449821 0.43541955947875977
6 53046.44724119 0.41096067428588867
6 56487.80806028 0.4166717529296875
6 52924.20383373 0.42434024810791016
6 46897.81771416 0.43178248405456543
6 52636.610111450005 0.3943643569946289
6 47473.240265 0.40383243560791016
6 56914.59957128 0.42055559158325195
6 43223.99767236 0.4476914405822754
6 61534.25585563 0.39780426025390625
6 47759.827666159996 0.4411923885345459
6 43281.29848036 0.36611199378967285
6 48025.486664970005 0.4399392604827881
6 60698.390749980004 0.4143357276916504
6 53740.76515309 0.3833332061767578
6 50843.2888277 0.40949082374572754
6 54075.04627971 0.4049406051635742
6 62216.8096435 0.4295682907104492
6 52066.13377071 0.43694519996643066
6 45249.423296 0.42670679092407227
6 55740.232549659995 0.41992926597595215
6 48979.70507679001 0.44400572776794434
6 54482.14136457 0.4061696529388428
6 49430.72212527 0.39443063735961914
6 47191.83861236999 0.44673776626586914
6 46183.60845585 0.38721132278442383
6 50025.5379594 0.39568257331848145
6 58461.07645407 0.43775010108947754
6 56359.58910456001 0.4565720558166504
6 47834.39120081 0.4511086940765381
6 54067.830096829995 0.4172990322113037
6 52418.51408781001 0.42540717124938965
6 50617.22328541 0.4371652603149414
6 50544.58358261001 0.4136190414428711
6 51273.59864339 0.43254995346069336
6 48701.058451920006 0.43341493606567383
6 64426.631645720016 0.4338109493255615
6 47815.80779696 0.4269571304321289
6 53869.53086725999 0.42113399505615234
6 56256.70311205001 0.4163017272949219
6 47833.16551151 0.4224095344543457
6 53146.58189306001 0.4317612648010254
6 49637.54743116 0.39487123489379883
6 48647.27595772 0.44725871086120605
6 47812.23424708 0.391798734664917
6 40406.80653808999 0.4080791473388672
6 49382.66438472 0.40886521339416504
6 58461.07645407 0.4722473621368408
6 50977.67689393 0.4091315269470215
6 48355.85849564999 0.3993251323699951
6 58473.75834843 0.39616847038269043
6 55656.049702929995 0.4229145050048828
6 59234.33010230001 0.4206101894378662
6 49781.90084576 0.4434630870819092
6 54555.20593223 0.44231176376342773
6 51237.94149582001 0.3934197425842285
6 53068.57228873001 0.4178483486175537
6 54001.24664145001 0.42179226875305176
6 50977.67689393 0.4253847599029541
6 53748.21647571 0.4240543842315674
6 52742.683190699994 0.42490315437316895
6 46544.47889969 0.3980684280395508
6 49148.19815542 0.4266529083251953
6 47620.65198816 0.4129362106323242
6 48069.045728360004 0.43227124214172363
6 49167.71718901 0.40445923805236816
6 57792.03640213 0.41948962211608887
6 49009.257475549995 0.4101896286010742
6 43712.046430760005 0.4324958324432373
6 48444.382835469994 0.41712212562561035
6 60445.52981164001 0.3888983726501465
6 50075.35141439999 0.4301023483276367
6 52605.71630038 0.4313693046569824
6 49948.64485584 0.46175384521484375
6 48087.049585 0.4109687805175781
7 53189.57068764 0.4880528450012207
7 46897.81771416 0.5030744075775146
7 51987.781005829995 0.5004622936248779
7 47958.5910746 0.5249660015106201
7 56201.019606990005 0.49495363235473633
7 45976.30889344 0.475816011428833
7 56487.80806028 0.4599480628967285
7 51175.82349478 0.4883575439453125
7 51501.372123090005 0.47510361671447754
7 56597.88199383001 0.45464515686035156
7 44595.72223937 0.4920237064361572
7 48372.85961448001 0.5011787414550781
7 48780.46345365 0.4757356643676758
7 54947.711447760004 0.4730064868927002
7 58697.90046064 0.49585461616516113
7 42683.18485475 0.4839444160461426
7 54075.04627971 0.44614553451538086
7 48205.56161358999 0.5050580501556396
7 54128.726489249995 0.4996049404144287
7 51312.87776306999 0.5064918994903564
7 47473.38342839 0.4699208736419678
7 48853.389276940004 0.49468207359313965
7 54132.65218204001 0.45217061042785645
7 58646.52738492 0.4832921028137207
7 55767.4657291 0.49416542053222656
7 55326.2885005 0.508854866027832
7 42889.68105852 0.5190846920013428
7 47662.4785156 0.45601725578308105
7 53748.21647571 0.5035936832427979
7 49854.43616319 0.4799621105194092
7 49204.10652866 0.45432400703430176
7 52269.75861827 0.5000061988830566
7 56185.89444543 0.46591901779174805
7 57476.73212569999 0.5194206237792969
7 52701.17743625 0.5246055126190186
7 58365.29324425001 0.5115232467651367
7 45817.92786601999 0.4644804000854492
7 49295.23699025001 0.5068819522857666
7 51497.93583955 0.4884984493255615
7 60657.35617264 0.4678359031677246
7 48292.3597434 0.43059301376342773
7 56875.23400843001 0.5123255252838135
7 54058.88558945 0.48418235778808594
7 48376.166867010004 0.4750044345855713
7 54213.20682946 0.43833017349243164
7 48761.82922761999 0.513852596282959
7 51047.81406719 0.45879411697387695
7 53348.36085604001 0.48493099212646484
7 58657.526484300004 0.5193521976470947
7 46888.45921505 0.4522867202758789
7 54083.910789450005 0.4796013832092285
7 58461.07645407 0.4769918918609619
7 47671.233608170005 0.48529863357543945
7 55249.73870832 0.46807050704956055
7 59940.78923127999 0.48912978172302246
7 45393.64018079 0.46160364151000977
7 56967.75423653 0.5016703605651855
7 50130.79461178 0.46262502670288086
7 54253.70488841 0.43863439559936523
7 53447.64023270001 0.48728084564208984
7 47062.135513680005 0.5289170742034912
7 52973.394754709996 0.47298550605773926
7 48652.030299930004 0.48624229431152344
7 43894.128967790006 0.4746248722076416
7 58662.006713630006 0.494434118270874
7 52942.12998822999 0.47409868240356445
7 54058.88558945 0.48590874671936035
7 52032.846344829995 0.4851493835449219
7 48591.00647185001 0.47301721572875977
7 58536.50460032 0.47747182846069336
7 59871.343090099996 0.5017080307006836
7 46523.839964889994 0.4971449375152588
7 55748.30065993 0.4440429210662842
7 54514.75927397 0.5008895397186279
7 49799.62468632001 0.5115671157836914
7 49117.29090303 0.4840860366821289
7 48214.55677185001 0.4929647445678711
7 53348.36085604001 0.500624418258667
7 46020.47480479001 0.48247337341308594
7 56256.70311205001 0.5035886764526367
7 50124.04357103 0.46755075454711914
7 46775.07289298 0.4847555160522461
7 59954.92685127 0.5091843605041504
7 47563.87388225 0.46178627014160156
7 54169.561724 0.48907041549682617
7 54162.621336710006 0.4852769374847412
7 42481.77688039 0.4603726863861084
7 46510.35709568 0.487990140914917
7 46022.23764305 0.4354071617126465
7 57141.2380194 0.5398013591766357
7 47670.1892656 0.49068164825439453
7 52482.6018218 0.47105932235717773
7 58982.23797821 0.4729619026184082
7 55917.93489973 0.4648172855377197
7 48632.96783779 0.47408580780029297
7 52412.89551919 0.49760961532592773
7 63463.36629903 0.4931039810180664
7 53428.30852345001 0.45636868476867676
7 58486.10165407 0.5012202262878418
7 53308.32149236 0.48288393020629883
7 48671.96100417001 0.5042064189910889
7 56403.313325669995 0.46940040588378906
7 46732.69270791 0.48515796661376953
7 52560.60065367 0.4996364116668701
7 54162.621336710006 0.4686615467071533
7 52000.710720290015 0.46471643447875977
7 54493.58037274 0.4847903251647949
7 56320.820216830005 0.5196831226348877
7 45239.83738258 0.4700338840484619
7 54083.910789450005 0.5096714496612549
7 59659.689832469994 0.49459171295166016
7 55917.93489973 0.4711124897003174
7 67454.76617346 0.4758007526397705
7 42486.13116276 0.46004557609558105
7 55788.7823253 0.4939384460449219
7 47670.1892656 0.5017123222351074
7 57856.371133069995 0.4969480037689209
7 52535.57545367 0.4526193141937256
7 40634.39666309 0.4791257381439209
7 43636.3881658 0.5006945133209229
7 53623.83534045 0.5170903205871582
7 48517.53111218 0.4958503246307373
7 55103.67441906 0.48024487495422363
7 54075.04627971 0.46661376953125
7 52986.904730450005 0.4865398406982422
7 54083.910789450005 0.436962366104126
7 50948.887507319996 0.46001243591308594
7 51697.369418120004 0.49434804916381836
7 53799.76284245001 0.4735591411590576
7 45614.11757602 0.4831085205078125
7 55787.613759709995 0.4872875213623047
7 42410.79841775 0.490215539932251
7 53578.105642300005 0.5354008674621582
7 47813.06184603999 0.48914074897766113
7 50429.62209407 0.49704957008361816
7 53348.36085604001 0.47547292709350586
7 56914.59957128 0.47814440727233887
7 44855.93391855 0.5257847309112549
7 54614.43804771 0.4842240810394287
7 47003.98080134 0.4913508892059326
7 51555.428641000006 0.4987518787384033
7 58871.65465664001 0.4814727306365967
7 51856.51433154 0.5010111331939697
7 56948.96982969 0.48829197883605957
7 49912.304994759994 0.49288177490234375
7 61273.441642829996 0.4796946048736572
7 49407.178768599995 0.46282362937927246
7 53463.78516288 0.5004017353057861
7 55354.767370680005 0.4944944381713867
7 61273.441642829996 0.47777318954467773
7 58173.46058007 0.46680498123168945
7 54374.05908796 0.5188460350036621
7 48062.72458786001 0.47027015686035156
7 56185.89444543 0.49115943908691406
7 50681.849148329995 0.4975442886352539
7 49381.19628602 0.4755251407623291
7 60622.46473863 0.499065637588501
7 52597.157686649996 0.49054479598999023
7 51513.338268960004 0.48146939277648926
7 55139.616345279996 0.5186488628387451
7 50524.18964531 0.4908261299133301
7 46360.80005756 0.4691011905670166
7 59848.553757229995 0.4908103942871094
7 57349.11048088001 0.5167043209075928
7 54619.58980741 0.5063159465789795
7 48333.503564579994 0.49358201026916504
7 50935.502859620006 0.46295714378356934
7 50302.320518609995 0.5066261291503906
7 56495.84840340001 0.5328021049499512
7 58657.526484300004 0.4851205348968506
7 56260.18620373 0.5144526958465576
7 47910.44388779001 0.5265753269195557
7 51586.89614354 0.5042345523834229
7 58285.02811263 0.5016350746154785
7 52379.197451709995 0.473613977432251
7 44882.335643800005 0.4962918758392334
7 56369.75161073 0.48096132278442383
7 58198.48578007 0.5098843574523926
7 49087.434356360005 0.5028202533721924
7 53799.76284245001 0.5280146598815918
7 54480.963863729994 0.4685671329498291
7 55972.44258319001 0.4694187641143799
7 43800.69586575 0.4697260856628418
7 54083.910789450005 0.49986696243286133
7 53661.88508628 0.4675281047821045
7 51144.96715653 0.5057764053344727
7 48615.271323370005 0.5064477920532227
7 56936.65626028001 0.479677677154541
7 62039.630927100014 0.5017156600952148
7 64012.370565920006 0.4901115894317627
7 53748.21647571 0.5004177093505859
7 49996.680615389996 0.5015764236450195
7 54162.621336710006 0.4461784362792969
7 50571.06401837 0.48687076568603516
7 50617.95728439 0.5020661354064941
7 55149.26735209 0.507086992263794
7 47622.852039100006 0.49971985816955566
7 61667.497386070005 0.49683403968811035
7 55483.86467695 0.46652960777282715
7 56973.47678440001 0.5012316703796387
8 54075.04627971 0.5255899429321289
8 51672.38355499999 0.5479114055633545
8 50544.58358261001 0.5268046855926514
8 50342.8563327 0.5569801330566406
8 56905.833167430006 0.5696656703948975
8 52244.37511921999 0.5430967807769775
8 48684.491837819995 0.5715243816375732
8 47473.38342839 0.5666558742523193
8 44332.53143372 0.582486629486084
8 52883.63515251 0.5706171989440918
8 49302.73691711 0.5583183765411377
8 60054.162638229995 0.5585606098175049
8 46761.49066923 0.553267240524292
8 58198.48578007 0.5516049861907959
8 46941.8696349 0.5819425582885742
8 55808.36949273001 0.5739634037017822
8 47054.190653109996 0.5341064929962158
8 45641.37793703001 0.5674800872802734
8 59301.79791310001 0.5999984741210938
8 56218.329011969996 0.5646212100982666
8 51855.57632988 0.5757346153259277
8 54864.32830446 0.5454182624816895
8 54469.69696636 0.5709705352783203
8 53654.52382645001 0.5594017505645752
8 57033.567573039996 0.5548655986785889
8 45797.83508074 0.5889012813568115
8 49750.147647159996 0.5723755359649658
8 52071.11212438999 0.5649149417877197
8 52244.37511921999 0.5612058639526367
8 54614.43804771 0.5488736629486084
8 51200.30697792 0.5410192012786865
8 56491.42830643 0.5628268718719482
8 54169.561724 0.5906438827514648
8 47385.44273608001 0.5259666442871094
8 56863.82371596 0.576392412185669
8 57025.73936231001 0.6092548370361328
8 54162.621336710006 0.5791549682617188
8 56614.99841321001 0.6162302494049072
8 58880.8577734 0.590686559677124
8 53860.70772186001 0.5812914371490479
8 58036.440823 0.5752322673797607
8 62362.220917130006 0.5533788204193115
8 54614.43804771 0.6111180782318115
8 44672.24067168 0.5816178321838379
8 50917.811297470005 0.5837626457214355
8 57101.1831651 0.5545592308044434
8 53739.91987671 0.5387701988220215
8 61706.050724270004 0.5446522235870361
8 48978.4308821 0.5393149852752686
8 48632.96783779 0.5539495944976807
8 49349.859732950004 0.5936484336853027
8 51805.761553000004 0.5859813690185547
8 55354.767370680005 0.5839519500732422
8 56939.62477128 0.5542612075805664
8 51171.45793781999 0.554288387298584
8 46778.61452195 0.5574374198913574
8 52557.099101320004 0.5768535137176514
8 54075.04627971 0.4988539218902588
8 50977.67689393 0.5519905090332031
8 52605.767450390005 0.5884404182434082
8 55072.83818276 0.5522191524505615
8 59234.3301023 0.5663716793060303
8 58362.27023828 0.551964521408081
8 58562.65085409999 0.5201928615570068
8 51791.9373746 0.614966869354248
8 49466.63063013001 0.5297234058380127
8 56618.091262459995 0.5281643867492676
8 53078.33431142 0.5431818962097168
8 47239.29963975 0.5831654071807861
8 50724.17210079 0.563819408416748
8 52719.27425945 0.5494086742401123
8 50921.653822240005 0.5539133548736572
8 51482.23445937 0.5737650394439697
8 57799.452952249994 0.5553686618804932
8 54058.88558945 0.5850036144256592
8 61493.0317653 0.5667223930358887
8 48005.38740426001 0.5556612014770508
8 48404.9122622 0.5761513710021973
8 54126.01337397999 0.5445997714996338
8 62299.25373022999 0.5577819347381592
8 53384.5167087 0.5672154426574707
8 51116.14401339 0.5603644847869873
8 49975.946497380006 0.5883693695068359
8 56951.78320843 0.5486862659454346
8 48028.463142399996 0.5503790378570557
8 48607.91971136001 0.5642058849334717
8 59341.227786690004 0.5567224025726318
8 42410.79841775 0.5408408641815186
8 55445.32074196 0.544893741607666
8 57101.1831651 0.5444869995117188
8 46957.12537962 0.5732917785644531
8 51026.225064950006 0.5714552402496338
8 59290.65779161001 0.571058988571167
8 49381.19628602 0.5011851787567139
8 50280.10867001 0.5689218044281006
8 48363.01560055 0.5550692081451416
8 53443.11298086 0.544715404510498
8 46277.608808870005 0.5946104526519775
8 52365.87771006 0.5908231735229492
8 45225.971416789995 0.5404517650604248
8 55982.62907294 0.5254344940185547
8 57049.864347860006 0.5915534496307373
8 43968.031315889995 0.5893175601959229
8 54649.28262472 0.5545411109924316
8 50910.760885829994 0.5086658000946045
8 58978.13868203001 0.5660042762756348
8 43688.07499813 0.5719184875488281
8 58198.48578007 0.5534892082214355
8 58461.07645407 0.5647735595703125
8 49275.751712729994 0.5442361831665039
8 50664.327302390004 0.5337738990783691
8 58897.75456017 0.5721690654754639
8 55354.767370680005 0.5447325706481934
8 53322.6533257 0.5541088581085205
8 55203.24233176001 0.5598130226135254
8 48107.2833478 0.5442039966583252
8 49793.46043413 0.5690791606903076
8 50642.1666547 0.5685575008392334
8 50376.77299031 0.5596706867218018
8 55033.4725863 0.5659058094024658
8 54162.621336710006 0.5365891456604004
8 54162.621336710006 0.567481279373169
8 53539.68138984 0.5482590198516846
8 51881.30587882 0.5581927299499512
8 52704.408590670006 0.5495741367340088
8 54162.621336710006 0.5584056377410889
8 55656.049702929995 0.5760815143585205
8 54614.43804771 0.5264809131622314
8 53319.075349830004 0.5783395767211914
8 51587.41839796 0.545520544052124
8 54198.76697808 0.5775399208068848
8 46799.81516723 0.5824761390686035
8 64586.61737972 0.5142931938171387
8 52535.57545367 0.5420866012573242
8 49176.49959312 0.5613157749176025
8 48761.82922761999 0.5945019721984863
8 47802.72853917 0.536602258682251
8 54549.05796497999 0.572878360748291
8 46050.597203590005 0.5460362434387207
8 53860.70772186001 0.5510547161102295
8 52512.66442483001 0.528362512588501
8 52808.96908804001 0.5717518329620361
8 57776.16199023 0.5788054466247559
8 50748.666379710005 0.5192084312438965
8 56185.89444543 0.5878992080688477
8 53541.81715972 0.5898957252502441
8 56688.38149285 0.5610268115997314
8 54141.02941984999 0.5788185596466064
8 56757.95785143001 0.5670862197875977
8 46501.62941195 0.5471410751342773
8 50447.45606669999 0.5577929019927979
8 52717.6579907 0.5599133968353271
8 44923.6521136 0.5414783954620361
8 59848.553757229995 0.5682013034820557
8 52828.69591476 0.5652139186859131
8 45444.00170082 0.550605058670044
8 51566.55562429 0.5462517738342285
8 50256.58612480001 0.5796828269958496
8 47037.67828585 0.5583856105804443
8 45482.24217347 0.5418996810913086
8 50732.84128661 0.5812382698059082
8 61298.46684283 0.5711207389831543
8 43613.38672761999 0.5412654876708984
8 54759.28698554 0.5514862537384033
8 53965.07781697 0.5648775100708008
8 50154.44608692 0.5459201335906982
8 53880.06215433 0.5531976222991943
8 56027.338860690004 0.5579733848571777
8 47664.301329249996 0.5517382621765137
8 53461.85487345001 0.5619232654571533
8 49361.80987847 0.5751879215240479
8 52560.60065367 0.5706989765167236
8 56422.05158273 0.5520296096801758
8 49381.19628602 0.5497004985809326
8 52965.6928821 0.545731782913208
8 54839.66237328999 0.5640974044799805
8 48844.7932763 0.5518603324890137
8 57292.88995430001 0.5394315719604492
8 54790.01044746 0.5179762840270996
8 49759.53594886 0.5644917488098145
8 58188.00210899 0.5627045631408691
8 53623.83534045 0.5653250217437744
8 52719.27425945 0.5648550987243652
8 54766.3463455 0.5304396152496338
8 54162.621336710006 0.5475475788116455
8 49943.363758470005 0.5342726707458496
8 51791.9373746 0.5595130920410156
8 53447.64023270001 0.5579490661621094
8 45617.21212568 0.5366184711456299
8 54075.04627971 0.531848669052124
8 47238.51142000999 0.5695610046386719
8 51699.142092099995 0.5713498592376709
8 58173.46058007 0.5427801609039307
8 52242.674415479996 0.5873785018920898
8 47727.9459351 0.560513973236084
8 55200.41662651 0.5621933937072754
8 57025.73936231001 0.5641765594482422
8 45269.361458800005 0.5511229038238525
8 54429.92715404 0.5577406883239746
8 59209.3049023 0.5600111484527588
9 50948.887507319996 0.627342939376831
9 57349.11048088001 0.6026740074157715
9 50745.27503839 0.6628012657165527
9 48618.65772069 0.6363430023193359
9 54884.343822740004 0.6058962345123291
9 45778.10019910001 0.6440243721008301
9 57061.10571247 0.6313095092773438
9 54312.52443286 0.5964241027832031
9 54162.621336710006 0.6550366878509521
9 55917.93489973 0.6413049697875977
9 51093.8849286 0.6119558811187744
9 48449.687334270006 0.6448185443878174
9 56568.576402449995 0.6305692195892334
9 56033.61728229 0.6321690082550049
9 56939.62477128 0.6923484802246094
9 54211.73980062 0.5832061767578125
9 47473.240265 0.5978450775146484
9 63992.692561259995 0.6204197406768799
9 47385.44273608001 0.6085202693939209
9 55481.20003505 0.642491340637207
9 44038.95832152 0.6444103717803955
9 53030.62253482001 0.6203992366790771
9 55005.11508073 0.6069869995117188
9 50823.71193827 0.6295897960662842
9 58198.48578007 0.6164155006408691
9 53627.13529981 0.6433453559875488
9 56684.09098174999 0.6237869262695312
9 50005.40200756 0.6406302452087402
9 52549.80001037 0.6255886554718018
9 55924.73214199999 0.6274778842926025
9 55808.36949273001 0.6121387481689453
9 55690.916529070004 0.616234540939331
9 54162.621336710006 0.6480047702789307
9 54350.38794873001 0.657874345779419
9 49721.42572318 0.6453211307525635
9 43180.21697261999 0.5968081951141357
9 56185.89444543 0.613867998123169
9 56939.62477128 0.680391788482666
9 44952.18226396 0.6317181587219238
9 49931.014557719995 0.6075310707092285
9 53436.82967345 0.6356441974639893
9 52714.80913404 0.6314854621887207
9 56587.61813443 0.6646289825439453
9 51164.8815214 0.6263895034790039
9 43094.52832117 0.6951558589935303
9 54883.36199558001 0.6770305633544922
9 45718.760757899996 0.6581816673278809
9 52881.0548805 0.6444911956787109
9 47666.05857495 0.5838027000427246
9 58837.56093207 0.6459639072418213
9 58508.50154821 0.6725447177886963
9 50792.81427422001 0.6538825035095215
9 53760.616192810005 0.6449844837188721
9 51562.39319796 0.6743640899658203
9 46592.98128035 0.5846438407897949
9 49213.64593862001 0.6610333919525146
9 56939.62477128 0.657102108001709
9 53799.76284245001 0.6093087196350098
9 49525.4354114 0.5855538845062256
9 49349.93155716 0.577540397644043
9 51648.20250464001 0.6458289623260498
9 59234.3301023 0.6177518367767334
9 53348.36085604001 0.6354866027832031
9 53023.63772172 0.6297280788421631
9 53860.70772186001 0.6113054752349854
9 53748.21647571 0.6078546047210693
9 56185.89444543 0.6047792434692383
9 59424.28050464001 0.619452714920044
9 53799.76284245001 0.633497953414917
9 45722.52749473 0.5985045433044434
9 55220.673864959994 0.6167781352996826
9 50474.39865821 0.6502830982208252
9 54162.621336710006 0.6429562568664551
9 53409.541908700005 0.6458239555358887
9 57316.636596469994 0.6200528144836426
9 54162.621336710006 0.6439342498779297
9 50217.316344470004 0.6206579208374023
9 59341.22778669 0.6390008926391602
9 60413.20808589999 0.61859130859375
9 52184.793400450006 0.6517760753631592
9 49097.69624001 0.5970685482025146
9 53748.21647571 0.6245653629302979
9 50779.238472319994 0.6274573802947998
9 58150.95468640001 0.6220386028289795
9 63701.76893519 0.6150734424591064
9 49906.21257411 0.6805412769317627
9 46962.71278328 0.6151282787322998
9 51672.38355499999 0.6505966186523438
9 49497.365313710005 0.6398613452911377
9 49142.69198901 0.6336328983306885
9 54058.88558945 0.6480185985565186
9 61956.27452914 0.6087319850921631
9 50770.03597759 0.6477246284484863
9 54083.910789450005 0.5846066474914551
9 58173.46058007 0.6028244495391846
9 49848.62118963 0.6385433673858643
9 55773.58754717 0.6416220664978027
9 51852.22080717001 0.6180939674377441
9 53748.21647571 0.6419336795806885
9 52674.35337049 0.6338939666748047
9 46426.77083837 0.6623198986053467
9 45200.94621679 0.6166365146636963
9 43681.757181659996 0.6448955535888672
9 52853.86347522001 0.6066615581512451
9 57162.17115627 0.6089365482330322
9 60107.49295218 0.6792969703674316
9 55656.049702929995 0.6223886013031006
9 51881.30587882 0.6164114475250244
9 58165.00569227 0.6445286273956299
9 56185.89444543 0.6265723705291748
9 52467.42360244 0.612185001373291
9 48270.44323003999 0.6484346389770508
9 50376.58745582999 0.6442649364471436
9 44836.127305860005 0.5939536094665527
9 54162.621336710006 0.6405243873596191
9 57076.1579651 0.6158046722412109
9 59871.343090099996 0.6072661876678467
9 52285.796264100005 0.6190147399902344
9 43524.76188993 0.6224863529205322
9 49090.41880800999 0.6303849220275879
9 60295.79541744001 0.6438186168670654
9 54614.43804771 0.6361768245697021
9 48715.90047801 0.6048934459686279
9 54335.97907547 0.6143622398376465
9 47233.661711370005 0.6741247177124023
9 49595.88644125 0.6299998760223389
9 53348.36085604001 0.6049249172210693
9 60295.79541744001 0.6023974418640137
9 50297.9562402 0.6398582458496094
9 54162.621336710006 0.5992457866668701
9 48214.55677185001 0.6188859939575195
9 53534.80879745 0.645533561706543
9 57292.8899543 0.6531631946563721
9 48618.17442740001 0.5947399139404297
9 58692.20444061 0.6553254127502441
9 54745.13863719001 0.6254405975341797
9 56870.52929721 0.61582350730896
9 48924.22844159001 0.6513900756835938
9 51335.66833825 0.666114091873169
9 54407.64901136 0.6113371849060059
9 56729.96211343 0.6338598728179932
9 56914.59957128 0.6631011962890625
9 49283.784102189995 0.6437056064605713
9 49527.67012452 0.6182732582092285
9 60553.38020226999 0.6380114555358887
9 53348.36085604001 0.6399979591369629
9 53960.066646399995 0.6373541355133057
9 53390.65187256 0.6201949119567871
9 55162.627741209995 0.6531851291656494
9 42141.45694716 0.6160135269165039
9 56939.62477128 0.6294252872467041
9 50854.78643657999 0.6399033069610596
9 52244.37511921999 0.6285891532897949
9 49140.902544330005 0.6213362216949463
9 57425.2934954 0.5889697074890137
9 47168.10386996 0.6639018058776855
9 54355.44597083 0.6264944076538086
9 63446.89287126 0.647061824798584
9 54083.910789450005 0.6197547912597656
9 49944.23975233 0.6469955444335938
9 58165.00569227 0.6046521663665771
9 55927.10084479 0.6348755359649658
9 57025.73936231001 0.6256887912750244
9 60487.70713764 0.6168458461761475
9 53661.88508628 0.6329152584075928
9 52490.30800022001 0.6322503089904785
9 59106.95489921 0.6642274856567383
9 54017.83134437 0.6184897422790527
9 50694.022270550005 0.6484146118164062
9 58198.48578007 0.644930362701416
9 56369.75161073 0.6365418434143066
9 58811.54403616 0.6362903118133545
9 45842.784695020004 0.5711667537689209
9 47419.7386154 0.6271977424621582
9 45353.08097139999 0.6286923885345459
9 42960.39026675 0.6176459789276123
9 47401.250824920004 0.6400902271270752
9 49803.69680372 0.5670909881591797
9 53759.30877384 0.6218760013580322
9 47254.31371334001 0.6138076782226562
9 53384.5167087 0.6121184825897217
9 54349.03388796 0.6595277786254883
9 50026.70538993001 0.6010646820068359
9 64794.40118227 0.6120688915252686
9 44109.391632930005 0.610001802444458
9 51745.23047083 0.6037440299987793
9 51107.325334 0.6251339912414551
9 58924.79306337 0.6303064823150635
9 56487.80806028 0.6148114204406738
9 50376.58745582999 0.6021811962127686
9 56487.80806028 0.662729024887085
9 52717.6579907 0.6367425918579102
9 57076.1579651 0.6284101009368896
9 60958.58541964 0.6256885528564453
9 49864.86682329999 0.5814695358276367
9 58528.050381270004 0.6592352390289307
9 56754.98731343001 0.6061811447143555
9 53348.36085604001 0.6121883392333984
9 54884.343822740004 0.629920244216919
9 61791.79966982 0.6071462631225586
10 52873.600944310005 0.6754326820373535
10 60522.78935643999 0.6929740905761719
10 51107.325333999994 0.7031090259552002
10 56799.53143586001 0.7167279720306396
10 54083.910789450005 0.7221014499664307
10 60023.540422469996 0.7094850540161133
10 57181.064884939995 0.6953635215759277
10 53549.42993045001 0.706843376159668
10 51237.94149582001 0.6814987659454346
10 49158.898639629995 0.7530500888824463
10 50418.27097958 0.6783316135406494
10 49381.19628602 0.7343602180480957
10 58168.22448743001 0.676133394241333
10 51289.382615099996 0.7095582485198975
10 57814.91597721001 0.7110481262207031
10 43711.80203985001 0.7111015319824219
10 53623.83534045 0.7013800144195557
10 53396.08170671 0.7117846012115479
10 55858.40361989001 0.6872959136962891
10 56637.71115643001 0.6551611423492432
10 54614.43804771 0.6995604038238525
10 50401.831630160006 0.7069966793060303
10 48785.76385629999 0.6726667881011963
10 54431.99517086 0.6890597343444824
10 57658.552903710006 0.7419760227203369
10 48639.73450001 0.6628272533416748
10 56487.80806028 0.6946825981140137
10 56914.59957128 0.6808462142944336
10 60202.81241633999 0.675283670425415
10 45227.32478258 0.7107062339782715
10 49793.46043413 0.6778144836425781
10 56487.80806028 0.6718845367431641
10 53384.5167087 0.699427604675293
10 54162.621336710006 0.6528630256652832
10 45214.297796629995 0.7108752727508545
10 49188.62073862 0.744295597076416
10 64274.570040729996 0.7311294078826904
10 53409.541908700005 0.6809811592102051
10 52999.99743074 0.7028143405914307
10 49596.65533216 0.679457426071167
10 45939.00533637 0.7096498012542725
10 58486.10165407 0.70754075050354
10 47766.79004931 0.6460297107696533
10 55924.73214199999 0.6679093837738037
10 58657.5264843 0.6747910976409912
10 47640.95544312 0.7247655391693115
10 52232.62610731999 0.6715342998504639
10 49261.54536596 0.6544163227081299
10 54614.43804771 0.6752641201019287
10 58476.75001941999 0.6823012828826904
10 57501.68105886 0.687917947769165
10 56914.59957128 0.6513409614562988
10 46976.97376119 0.7249960899353027
10 56870.52929721 0.7154319286346436
10 51164.8815214 0.6799757480621338
10 58019.19032014 0.7313089370727539
10 54999.441641059995 0.7386221885681152
10 60553.38020226999 0.6532096862792969
10 52306.03709991 0.7540204524993896
10 52238.539872960006 0.6811444759368896
10 56295.79501683001 0.7427029609680176
10 56487.80806028 0.6652369499206543
10 44109.391632930005 0.6751408576965332
10 50366.51919682 0.7184491157531738
10 59211.23029448 0.6847512722015381
10 56914.59957128 0.7130866050720215
10 43093.116682750006 0.6975059509277344
10 57476.65585886001 0.6937775611877441
10 48330.92716696 0.7053778171539307
10 49402.68321752 0.660106897354126
10 50007.939744309995 0.6765704154968262
10 53552.7341287 0.7039687633514404
10 46785.323540590005 0.692554235458374
10 44028.85453847 0.6251246929168701
10 54311.67295284 0.7121562957763672
10 57844.668372299995 0.754472017288208
10 49178.137605790005 0.6775960922241211
10 55724.107913730004 0.7376463413238525
10 43576.341351020004 0.721168041229248
10 55665.89132907 0.6877462863922119
10 53730.75039286 0.7376663684844971
10 51023.952555 0.6823084354400635
10 55360.35926433 0.6898243427276611
10 52808.96908804001 0.6846528053283691
10 52427.51694418 0.7115809917449951
10 48321.61757355 0.7112836837768555
10 52412.89551919 0.7427971363067627
10 56870.52929721 0.6704714298248291
10 40957.1310803 0.6608791351318359
10 54162.621336710006 0.6778903007507324
10 56647.379662110005 0.6954135894775391
10 66926.32253373001 0.6934642791748047
10 50017.70017348 0.7032375335693359
10 57316.636596469994 0.6624794006347656
10 54431.99517086 0.6331396102905273
10 50040.32418179 0.7054636478424072
10 51276.63891825 0.7512924671173096
10 54162.621336710006 0.6810786724090576
10 41665.83038562 0.6995415687561035
10 53760.616192810005 0.7197396755218506
10 51750.39113946 0.7104043960571289
10 55917.93489973 0.6298284530639648
10 56403.313325669995 0.710167646408081
10 54162.621336710006 0.6899855136871338
10 56185.89444543 0.7016713619232178
10 50549.50736103 0.6871979236602783
10 54846.81128058 0.6997356414794922
10 57514.11644932 0.7170662879943848
10 49793.46043413 0.684528112411499
10 51676.90992273001 0.7003836631774902
10 57279.37655761 0.6936225891113281
10 45482.24217347 0.7052421569824219
10 58769.993629070006 0.7003440856933594
10 56754.98731343001 0.7171170711517334
10 45101.28828995999 0.6838395595550537
10 54614.43804771 0.6749882698059082
10 51421.29461039 0.743279218673706
10 57124.123648889996 0.6620595455169678
10 51994.14177597 0.6507964134216309
10 54251.57955345001 0.7163076400756836
10 56185.89444543 0.722482442855835
10 66865.82042128 0.7218732833862305
10 66716.95753224 0.7087509632110596
10 55149.4344452 0.7112600803375244
10 52232.62610731999 0.7020063400268555
10 56939.62477128 0.686438798904419
10 55262.70495198 0.7008869647979736
10 58170.68218099 0.7106461524963379
10 53384.5167087 0.7023680210113525
10 56939.62477128 0.7119717597961426
10 48535.05584719 0.6939308643341064
10 47141.44390656 0.7032523155212402
10 52184.793400450006 0.6776628494262695
10 42574.110517299996 0.6286990642547607
10 52679.38339067 0.7081105709075928
10 61499.177357479995 0.6813004016876221
10 53058.18956718001 0.7163848876953125
10 45225.72274733 0.6769218444824219
10 58170.68218099 0.6880207061767578
10 53799.76284245001 0.7084243297576904
10 47573.49735982 0.6625597476959229
10 50584.464293289995 0.6667370796203613
10 52089.48886831 0.6591784954071045
10 53375.08296737001 0.7105107307434082
10 49526.36996176001 0.6970465183258057
10 54058.88558945 0.7124242782592773
10 56395.646034269994 0.6866693496704102
10 53799.76284245001 0.6882846355438232
10 47541.598014979994 0.6989502906799316
10 58657.526484300004 0.6560523509979248
10 53860.70772186001 0.695106029510498
10 48635.57107947 0.6876981258392334
10 49328.61827803001 0.6994893550872803
10 57279.37655761 0.716670036315918
10 56247.725157049994 0.6929798126220703
10 57869.6935723 0.6724176406860352
10 55563.93464659 0.6686699390411377
10 52829.842614910005 0.7160947322845459
10 55103.67441906 0.6588904857635498
10 56939.62477128 0.6498043537139893
10 47822.20947246 0.6761419773101807
10 56863.82371596 0.7018284797668457
10 58584.03878264 0.7306263446807861
10 59209.304902300006 0.7058448791503906
10 55917.93489973 0.7393238544464111
10 51899.005892429996 0.6987183094024658
10 52605.767450390005 0.7077372074127197
10 61140.151239549996 0.7138547897338867
10 65657.0178601 0.721397876739502
10 53799.76284245001 0.6789586544036865
10 49142.69198901 0.7524716854095459
10 49188.62073862 0.669658899307251
10 50154.44608692 0.7048406600952148
10 49466.63063013001 0.7005305290222168
10 54036.64504096 0.6707768440246582
10 56214.13380249001 0.7429614067077637
10 54614.43804771 0.7053964138031006
10 57844.6683723 0.6821784973144531
10 60900.724006480006 0.7240283489227295
10 56185.89444543 0.6932685375213623
10 43141.26268405 0.6780674457550049
10 52464.32287217999 0.650270938873291
10 55354.767370680005 0.6720743179321289
10 57181.064884939995 0.6698992252349854
10 55162.627741209995 0.701894998550415
10 59234.33010230001 0.7061517238616943
10 56612.68595643 0.6608550548553467
10 56914.59957128 0.6980664730072021
10 52386.14042856001 0.7178847789764404
10 58173.46058007 0.6828703880310059
10 49892.31910321 0.7310194969177246
10 54614.43804771 0.6548020839691162
10 47246.98717416001 0.6845588684082031
10 51618.089742649994 0.6663658618927002
10 61170.80984974 0.7108738422393799
10 47793.81686105 0.6943774223327637
10 58419.95581607 0.7001290321350098
10 58692.20444061 0.677351713180542
10 54067.830096829995 0.643918514251709
10 52137.31296319001 0.6908268928527832
11 54614.43804771 0.7619795799255371
11 58265.43313927 0.7471394538879395
11 53009.077866499996 0.7269332408905029
11 56369.75161073 0.7616047859191895
11 52126.88961150001 0.7414906024932861
11 54162.621336710006 0.7861583232879639
11 53463.59560173 0.7502274513244629
11 54714.85584319001 0.7489066123962402
11 54482.90641325 0.7613956928253174
11 49581.03720846 0.8415689468383789
11 48632.96783779 0.7598564624786377
11 53588.17506975 0.7686002254486084
11 54994.10901206 0.7986512184143066
11 49768.43523413 0.7563226222991943
11 58461.07645407 0.7893719673156738
11 53748.21647571 0.7474348545074463
11 53410.54876596 0.7662432193756104
11 53046.44724119 0.7737686634063721
11 54755.61591665 0.7214674949645996
11 55103.67441906 0.7176163196563721
11 54915.82792709 0.7854528427124023
11 46849.920241850006 0.7315893173217773
11 54058.88558945 0.7387964725494385
11 55785.26853937999 0.7620224952697754
11 53463.785162880005 0.7629990577697754
11 54058.88558945 0.7679266929626465
11 49748.25928015001 0.7673947811126709
11 59661.99896432 0.7383816242218018
11 61499.177357479995 0.74338698387146
11 55924.73214199999 0.7782952785491943
11 56256.70311205001 0.7836811542510986
11 47104.78941902 0.7844831943511963
11 58834.04454011001 0.7508885860443115
11 47986.67354036 0.7769699096679688
11 54614.43804771 0.7533102035522461
11 48470.44443067 0.8010885715484619
11 54296.25164144 0.7652242183685303
11 50154.44608692 0.744229793548584
11 52719.27425945 0.8000757694244385
11 43976.70179706 0.7622263431549072
11 49176.49959312 0.7816765308380127
11 53046.44724119 0.7641065120697021
11 48844.7932763 0.7876007556915283
11 54431.99517086 0.7548658847808838
11 53105.26587583999 0.8300971984863281
11 53748.21647571 0.7100470066070557
11 55662.87690065001 0.7798407077789307
11 53863.51917853 0.7403903007507324
11 53799.76284245001 0.7613105773925781
11 47211.751729020005 0.807142972946167
11 53570.57622556 0.774916410446167
11 56757.95785143001 0.7638163566589355
11 60794.35091244 0.7371618747711182
11 56939.62477128 0.8110349178314209
11 52679.38339067 0.8286051750183105
11 59896.3682901 0.7892105579376221
11 51186.60160917001 0.7437453269958496
11 54162.621336710006 0.7491014003753662
11 53409.541908700005 0.762794017791748
11 53384.5167087 0.7426331043243408
11 50978.02794670999 0.796196699142456
11 54864.32830446 0.7217113971710205
11 56470.34197743 0.7737057209014893
11 56914.59957128 0.8057682514190674
11 58792.63188761 0.7902235984802246
11 61973.92967927 0.753833532333374
11 50532.40132161 0.7332987785339355
11 56870.52929721 0.716644287109375
11 52109.395544859995 0.7492802143096924
11 57355.029384580004 0.765437126159668
11 66716.95753224 0.7642471790313721
11 56082.69361531999 0.7966821193695068
11 49142.69198901 0.7483687400817871
11 58564.33361643 0.7876791954040527
11 51824.37189658001 0.7555625438690186
11 61973.92967927 0.7425007820129395
11 50545.97027439 0.7290928363800049
11 58893.57096936 0.7348244190216064
11 48912.50669629 0.8037021160125732
11 58663.27989368 0.8117058277130127
11 47531.28537726 0.7691781520843506
11 58198.48578007 0.7332963943481445
11 51783.41211975 0.7710258960723877
11 54231.32744445001 0.7857639789581299
11 48948.92190873 0.7575552463531494
11 54169.561724 0.7756953239440918
11 58657.526484300004 0.793708086013794
11 59234.33010230001 0.8511033058166504
11 54553.29836973001 0.7958941459655762
11 57495.127724750004 0.8562841415405273
11 47472.34259023 0.777522087097168
11 69509.95803266 0.7848005294799805
11 53544.51902145 0.8061895370483398
11 56939.62477128 0.799727201461792
11 52018.12381694 0.7781722545623779
11 52033.24069173999 0.8109369277954102
11 49379.79118288 0.778792142868042
11 54162.621336710006 0.716193437576294
11 61973.92967927 0.7654769420623779
11 56637.71115643001 0.7541077136993408
11 49345.938206030005 0.7409172058105469
11 50337.33202140001 0.7685182094573975
11 54313.53869025001 0.7209856510162354
11 48771.41448365 0.7381105422973633
11 60553.38020226999 0.8266894817352295
11 55354.767370680005 0.7650086879730225
11 56303.17060243 0.8304412364959717
11 55656.049702929995 0.8149800300598145
11 50779.238472319994 0.7580785751342773
11 56369.75161073 0.7334573268890381
11 59556.79208773 0.7712678909301758
11 55149.4344452 0.727229118347168
11 56369.75161073 0.7621340751647949
11 51161.5723322 0.7892336845397949
11 55808.36949273001 0.7718894481658936
11 59290.65779161001 0.7705228328704834
11 44965.760870779995 0.767200231552124
11 47807.923982390006 0.7285573482513428
11 51316.592097119996 0.7329471111297607
11 53654.52382645001 0.7434775829315186
11 49895.4491166 0.8082818984985352
11 52430.87245045001 0.7357063293457031
11 58515.835503099996 0.7524058818817139
11 57279.376557610005 0.7474513053894043
11 52858.29796973 0.7599475383758545
11 54058.88558945 0.7693960666656494
11 52232.62610731999 0.780874490737915
11 58604.35005892001 0.7684905529022217
11 51562.393197959995 0.7008881568908691
11 53842.60219928999 0.7604672908782959
11 52259.19881045 0.715951681137085
11 53654.52382645001 0.7499492168426514
11 53384.5167087 0.7882516384124756
11 68982.07135849999 0.7186176776885986
11 50408.228886490004 0.7708745002746582
11 53410.54876596 0.7856757640838623
11 46202.19651889001 0.7319409847259521
11 52418.51408781001 0.7732479572296143
11 56951.78320843 0.7815718650817871
11 54162.621336710006 0.7668826580047607
11 55808.36949273001 0.7441990375518799
11 45076.422480580004 0.7297072410583496
11 55593.50590445999 0.7589905261993408
11 56487.80806028 0.7584645748138428
11 47104.78941902 0.7571899890899658
11 54614.43804771 0.7386176586151123
11 51047.81406719 0.7675948143005371
11 61941.09477264 0.7827174663543701
11 57593.93201586001 0.7682209014892578
11 54058.88558945 0.7790348529815674
11 44672.24067168 0.7550346851348877
11 56185.89444543 0.7548491954803467
11 60188.76190092001 0.7928683757781982
11 48935.724126400004 0.7646396160125732
11 56303.17060243 0.7545232772827148
11 54893.54232396 0.7915036678314209
11 48951.525215630005 0.785844087600708
11 52605.767450390005 0.7357499599456787
11 56147.601444190004 0.8050668239593506
11 54911.52271807 0.7712430953979492
11 59530.61666279 0.8065609931945801
11 48918.31840819 0.8490276336669922
11 47556.456368729996 0.7418162822723389
11 54355.44597083 0.719820499420166
11 54067.83009683 0.7797951698303223
11 59234.3301023 0.7701249122619629
11 53443.11298086 0.7589056491851807
11 53443.11298086 0.7727527618408203
11 52109.395544859995 0.7298972606658936
11 51209.59499171 0.7807803153991699
11 53409.541908700005 0.7116825580596924
11 51705.84258576001 0.7696452140808105
11 59828.16917172001 0.7492690086364746
11 56637.71115643001 0.7654006481170654
11 60553.38020226999 0.7518563270568848
11 46941.8696349 0.7633352279663086
11 52694.24905945 0.7458693981170654
11 63143.84420259 0.7809145450592041
11 51879.08202675 0.7684404850006104
11 45360.15769844 0.7038986682891846
11 56508.33504142 0.7607989311218262
11 51532.56997673 0.7326488494873047
11 53349.71766781001 0.7829494476318359
11 53384.5167087 0.7353160381317139
11 55809.21007919001 0.7425148487091064
11 47348.040906480004 0.7753961086273193
11 47557.07563672 0.7693123817443848
11 58996.371577640006 0.7753567695617676
11 56914.59957128 0.760490894317627
11 54614.43804771 0.7392637729644775
11 48293.91209263 0.7561116218566895
11 54614.43804771 0.6702835559844971
11 49768.43523413 0.766423225402832
11 51408.883644639995 0.7357485294342041
11 49788.74996836 0.7412919998168945
11 55103.67441906 0.7369482517242432
11 56212.64178397 0.7795805931091309
11 53610.11998846001 0.7810559272766113
11 59134.56565587 0.7304604053497314
11 60040.90494364 0.740020751953125
12 61273.441642829996 0.8417940139770508
12 49142.69198901 0.8308494091033936
12 55808.36949273001 0.8160839080810547
12 52816.33574429 0.8049972057342529
12 56637.71115643001 0.7950077056884766
12 49368.373617389996 0.8683602809906006
12 49695.46215435999 0.8500974178314209
12 61051.139735829995 0.8481199741363525
12 52679.38339067 0.8213248252868652
12 57169.387753929994 0.8543727397918701
12 53552.734128699994 0.8388712406158447
12 57291.50099763 0.800269603729248
12 53348.36085604001 0.8184471130371094
12 54162.621336710006 0.802288293838501
12 49380.40239939 0.828270435333252
12 53976.221441450005 0.7878189086914062
12 45060.73913982 0.7926852703094482
12 50498.86999980999 0.8309788703918457
12 56918.21981743001 0.8196346759796143
12 56885.9017274 0.8613591194152832
12 59871.343090099996 0.8175003528594971
12 53384.5167087 0.807560920715332
12 57025.73936231001 0.8227684497833252
12 54169.561724 0.846637487411499
12 53502.71393345 0.8268721103668213
12 53348.36085604001 0.8503293991088867
12 56914.59957128 0.8548736572265625
12 53009.077866499996 0.8267505168914795
12 48935.724126400004 0.8188152313232422
12 54614.43804771 0.831737756729126
12 55719.08005776001 0.8520219326019287
12 52109.395544859995 0.8231403827667236
12 56939.62477128 0.8696601390838623
12 56612.68595643 0.830225944519043
12 49126.72921738 0.8459947109222412
12 56491.42830643 0.8317747116088867
12 54614.43804771 0.7925300598144531
12 54431.99517086 0.8358476161956787
12 59110.80284748001 0.8227992057800293
12 45271.69854013 0.8220839500427246
12 55888.03108636999 0.8454451560974121
12 57624.39520040001 0.8122117519378662
12 53654.52382645001 0.8633294105529785
12 54538.46698312001 0.7970583438873291
12 60900.72400648 0.8579599857330322
12 53375.08296737001 0.8348696231842041
12 47961.614485670005 0.8578395843505859
12 52044.77921596 0.8129744529724121
12 55917.93489973 0.7973325252532959
12 56939.62477128 0.8897140026092529
12 54431.99517086 0.8234131336212158
12 55524.77585593 0.866412878036499
12 44185.458327600005 0.8215451240539551
12 60553.38020226999 0.8025801181793213
12 50779.238472319994 0.8598935604095459
12 47883.75918863 0.7834250926971436
12 48961.06135705 0.8276546001434326
12 56487.80806028 0.8192815780639648
12 47371.87843915 0.7984194755554199
12 52242.31447882001 0.7979304790496826
12 55925.967637249996 0.8648362159729004
12 49711.880839030004 0.8646485805511475
12 52760.53217108 0.780571699142456
12 48503.25680812 0.8342442512512207
12 47695.81095018 0.8395147323608398
12 53715.35920563 0.8735008239746094
12 52679.38339067 0.8314344882965088
12 59871.343090099996 0.8455522060394287
12 53579.52975247 0.811654806137085
12 55103.67441906 0.8431015014648438
12 47664.301329249996 0.87288498878479
12 65048.89852673 0.8681812286376953
12 52244.37511921999 0.8183591365814209
12 54355.44597083 0.8310952186584473
12 49211.39426905 0.8234577178955078
12 48844.7932763 0.8501403331756592
12 55103.67441906 0.8267326354980469
12 49860.8092606 0.8070797920227051
12 52629.64630961 0.8827259540557861
12 52033.24069173999 0.8153684139251709
12 57844.668372299995 0.8743898868560791
12 48087.049585 0.8242127895355225
12 58365.29324425001 0.8230240345001221
12 54431.91894053 0.8436582088470459
12 48822.40904165 0.8220546245574951
12 45416.51493896 0.8086650371551514
12 52957.09908982001 0.8183672428131104
12 49890.89402912 0.8433048725128174
12 56470.34197743 0.8607914447784424
12 58837.08100947 0.8801898956298828
12 55503.064839 0.8074929714202881
12 58262.43375168 0.8488600254058838
12 51942.461504369996 0.8185012340545654
12 51745.23047083 0.8268041610717773
12 52386.14042856001 0.8726663589477539
12 54162.621336710006 0.840599536895752
12 49916.2935807 0.7899351119995117
12 47456.07882288001 0.8657050132751465
12 63149.07740551001 0.8157110214233398
12 52243.7540856 0.8326048851013184
12 51672.38355499999 0.850149393081665
12 54083.910789450005 0.7883214950561523
12 51237.94149582001 0.8327493667602539
12 61791.79966982 0.8246254920959473
12 53827.50407827001 0.8089289665222168
12 53623.83534045 0.8416414260864258
12 55174.71157909 0.867966890335083
12 49188.62073862 0.8540647029876709
12 54083.910789450005 0.8367612361907959
12 56487.80806028 0.8672993183135986
12 54312.52443286 0.8347961902618408
12 58461.07645407 0.8491649627685547
12 55492.63154509001 0.8881313800811768
12 53980.20471996 0.9049079418182373
12 59125.17680607 0.819277286529541
12 51670.74099274 0.8230011463165283
12 57410.05878610001 0.8746283054351807
12 48333.503564579994 0.8724589347839355
12 50829.604450039995 0.8092150688171387
12 54811.18393706001 0.8053131103515625
12 48747.5976169 0.7794818878173828
12 54796.26980625 0.780756950378418
12 56487.80806028 0.7992050647735596
12 51761.98351477 0.7814540863037109
12 49142.69198901 0.799109697341919
12 59209.3049023 0.8279774188995361
12 53748.21647571 0.8271083831787109
12 50143.331295560005 0.8613309860229492
12 53952.35589640001 0.8007471561431885
12 44930.597681030005 0.8116717338562012
12 61298.46684283 0.84348464012146
12 56462.46300842999 0.8221886157989502
12 48678.136404009994 0.7981786727905273
12 55808.36949273001 0.844475269317627
12 53990.40077801 0.8303635120391846
12 56185.89444543 0.7686717510223389
12 56757.95785143001 0.8709616661071777
12 56914.59957128 0.8433539867401123
12 48475.02503633 0.8794574737548828
12 51264.35741509999 0.8347184658050537
12 56914.59957128 0.8202524185180664
12 46654.0264325 0.8714683055877686
12 54643.37755641 0.8249540328979492
12 48472.41173059 0.8186278343200684
12 47481.96295725 0.8172557353973389
12 60295.79541744001 0.7752847671508789
12 60873.62735267 0.7917401790618896
12 52153.95073939 0.8262193202972412
12 59234.33010230001 0.8037986755371094
12 55357.39336819 0.855161190032959
12 49106.22037817001 0.8356280326843262
12 57162.17115626999 0.8495361804962158
12 58112.740069319996 0.8717501163482666
12 56914.59957128 0.7995250225067139
12 55445.32074196 0.8090572357177734
12 56914.59957128 0.8338274955749512
12 54407.64901136 0.8506381511688232
12 48376.166867010004 0.8399519920349121
12 54001.24664145001 0.8186695575714111
12 52418.51408781001 0.8372800350189209
12 56939.62477128 0.8211324214935303
12 52717.6579907 0.813040018081665
12 55743.71928092999 0.8534905910491943
12 53274.44278393 0.8489038944244385
12 54058.88558945 0.875236988067627
12 48563.18529998 0.7995407581329346
12 49854.43616319 0.8254070281982422
12 48924.22844159001 0.8197128772735596
12 64248.14475079 0.7973804473876953
12 58285.50064443001 0.8363845348358154
12 53960.066646399995 0.843853235244751
12 56369.75161073 0.7959198951721191
12 58812.53573207 0.840778112411499
12 54162.621336710006 0.8040964603424072
12 48661.160047649995 0.8653194904327393
12 54075.04627971 0.813870906829834
12 53155.96495847 0.8316609859466553
12 56633.84105316 0.8436341285705566
12 54213.63271437 0.846966028213501
