10 40569.026100159994 0.4811360836029053
10 37760.83996773 0.3251490592956543
10 34491.89736635 0.3596651554107666
10 39649.05154182 0.3311777114868164
10 46719.18907609 0.3613007068634033
10 21201.270800680002 0.48697447776794434
10 17495.023811760002 0.504469633102417
10 33007.83566444 0.41939616203308105
10 40872.786591640004 0.4018130302429199
10 44677.99961015 0.32454490661621094
10 28215.487739700002 0.3604152202606201
10 37708.92348993 0.29170680046081543
10 24570.15335114 0.463498592376709
10 41811.77517774 0.323427677154541
10 42698.731078020006 0.3421323299407959
10 46742.04968152 0.39047932624816895
10 14119.527993 0.534970760345459
10 18851.03457488 0.5029263496398926
10 23424.34076636 0.3068969249725342
10 46454.43380752 0.28093957901000977
10 23404.606973660004 0.4773077964782715
10 25739.27351752 0.3840916156768799
10 17626.8827095 0.3915095329284668
10 17669.407256129998 0.46961450576782227
10 46387.212330149996 0.325786828994751
10 47226.880962459996 0.44916796684265137
10 41811.77517774 0.34031033515930176
10 22489.722535660003 0.37484264373779297
10 24607.334649639997 0.49557948112487793
10 43943.76288667 0.36817216873168945
20 43576.49843967001 0.8382997512817383
20 46742.04968152 0.9145655632019043
20 30702.96285555 2.1437134742736816
20 32908.70606435 0.8513813018798828
20 43800.95776278 0.9351809024810791
20 42698.731078020006 0.715125560760498
20 39720.425022439995 0.8749668598175049
20 51669.023904539994 0.8470883369445801
20 47345.35752646 0.9501333236694336
20 43527.76272936 1.291804313659668
20 51669.023904539994 0.8965890407562256
20 23562.765700800002 0.8547828197479248
20 33781.54689869 0.8630504608154297
20 40136.84017982 1.1363551616668701
20 47150.12430654 0.9732463359832764
20 30935.939862339997 0.8387284278869629
20 38094.785080559996 0.86080002784729
20 40325.861080560004 0.8107814788818359
20 43943.76288667 0.7832789421081543
20 34626.7699022 0.7307164669036865
20 40320.333574159995 0.7082836627960205
20 48152.31631752 0.7880580425262451
20 50603.20651355 0.8966546058654785
20 46818.59888152 0.7067515850067139
20 46020.47480479001 0.7776672840118408
20 42696.666194089994 0.7871840000152588
20 43034.298596789995 0.7781810760498047
20 43800.95776278 0.825084924697876
20 42698.73107802 0.6941554546356201
20 38094.78508056 0.7292370796203613
30 27540.93513322 1.2157566547393799
30 47147.99017846 1.211594581604004
30 36226.046871419996 1.4490470886230469
30 53685.305869079995 1.3072028160095215
30 42696.666194089994 1.2797391414642334
30 38348.18236128 1.762911081314087
30 50286.146617909995 1.4299657344818115
30 49632.22771254 1.1754541397094727
30 46454.43380752 1.2842316627502441
30 35267.99690416 1.252030849456787
30 37708.92348993 1.9215998649597168
30 42696.666194089994 1.2216589450836182
30 43527.76272936 1.1371204853057861
30 40064.449756120004 1.2740676403045654
30 34820.447333179996 1.1072912216186523
30 50603.20651355 1.3107609748840332
30 40277.53668681 1.0264077186584473
30 49432.188977540005 1.0988280773162842
30 42409.05032009 1.1713757514953613
30 41120.85418833 1.1126441955566406
30 37887.953562509996 1.2172949314117432
30 48152.31631752 1.2378599643707275
30 42409.05032009 1.1378862857818604
30 36226.046871419996 1.5352139472961426
30 42260.625229640005 1.1921720504760742
30 47147.99017846001 1.0759451389312744
30 49196.51021254 1.1358282566070557
30 27034.0550438 1.3867723941802979
30 46020.47480479001 1.6264252662658691
30 46454.43380752 1.1566133499145508
40 40872.786591640004 1.5927977561950684
40 24426.52394095 1.575652837753296
40 42773.21539412001 1.5693049430847168
40 39206.13710787 1.4314684867858887
40 38409.371756830005 1.425370454788208
40 52176.71579091 1.3635261058807373
40 44677.99961015 1.573517084121704
40 39368.40970681 1.4855167865753174
40 43034.29859679 1.5286815166473389
40 41213.32182674 1.388007402420044
40 42409.05032009 1.6824843883514404
40 31019.942225050003 1.5260155200958252
40 31955.94962835 1.6659088134765625
40 46742.04968152 1.7069733142852783
40 46454.43380752 1.3604466915130615
40 44106.93283012 1.5916311740875244
40 46454.43380752 1.4943430423736572
40 52176.71579091 1.4788832664489746
40 38743.22436948 1.4931678771972656
40 41811.77517774 2.1190414428710938
40 23966.97149567 1.4106462001800537
40 39573.40155487 1.5133709907531738
40 50603.20651355 1.645599126815796
40 43800.95776278 1.591642141342163
40 46778.218496090005 1.632181167602539
40 42773.215394119994 1.5390658378601074
40 46742.04968152 1.7156147956848145
40 49432.18897754 1.3755927085876465
40 44677.99961015 1.454324722290039
40 40561.08670548 1.4854216575622559
50 40873.23970436 1.9232444763183594
50 51835.984037539994 1.8887085914611816
50 37869.43061774 2.048441171646118
50 38437.27611282 1.9362075328826904
50 46818.59888152 1.9293828010559082
50 42696.666194089994 1.8761439323425293
50 43800.95776278 1.9544579982757568
50 47345.35752646 2.3321292400360107
50 48152.31631752 1.9911108016967773
50 37460.53403381 1.9838273525238037
50 48152.31631752 1.9101004600524902
50 39523.82811474 1.9124433994293213
50 43576.49843967 2.0842597484588623
50 40632.61612275 1.932692527770996
50 47147.99017846 1.954313039779663
50 43527.76272936 1.7987940311431885
50 40325.861080560004 1.9341785907745361
50 35742.58583858 2.118687391281128
50 44677.99961015 1.9113616943359375
50 43034.29859679 1.8776309490203857
50 46691.43862109 1.994152545928955
50 43527.76272936 2.0516490936279297
50 46742.04968152 1.8858146667480469
50 39368.40970681 2.002171516418457
50 38046.28265531 1.7278773784637451
50 47345.35752646 2.1763062477111816
50 48152.31631752 1.7535266876220703
50 46742.04968152 2.3918662071228027
50 49196.51021253999 1.8198964595794678
50 46818.59888152 1.851928949356079
60 46818.59888152 2.1046953201293945
60 46020.47480479 2.5607681274414062
60 46742.04968152 2.350276470184326
60 46742.04968152 2.505122423171997
60 39040.13065944 2.3102591037750244
60 46742.04968152 2.434823751449585
60 44677.99961015 2.199878692626953
60 46454.43380752 2.2770938873291016
60 42773.215394119994 2.2304775714874268
60 46742.04968152 2.1471922397613525
60 46818.59888152 2.3635916709899902
60 50286.146617909995 5.110872983932495
60 48152.31631752 2.377573251724243
60 40638.39412275 3.2716164588928223
60 48152.31631752 2.193157434463501
60 42409.05032009 2.253894805908203
60 46818.59888152 2.569855213165283
60 48152.31631752 2.345271348953247
60 46454.43380752 2.297018527984619
60 46691.43862109 2.088773488998413
60 48152.31631752 2.4835245609283447
60 53685.30586908 2.282353639602661
60 48152.31631752 2.3139636516571045
60 49432.18897754 2.406731367111206
60 42773.215394119994 2.4168663024902344
60 48152.31631752 3.9679114818573
60 40632.61612275 2.275172233581543
60 44677.99961015 2.5506277084350586
60 47150.12430654 2.0860953330993652
60 46818.59888152 2.3979618549346924
70 40872.786591640004 2.801697015762329
70 37747.82160073 2.723525285720825
70 49432.188977540005 2.730598211288452
70 46454.43380752 2.589933395385742
70 46742.04968152 2.6070821285247803
70 42773.21539412001 2.7704429626464844
70 46020.47480479001 2.609548330307007
70 37488.28448880999 2.6900038719177246
70 43527.76272936 2.5283780097961426
70 48152.31631752 2.6590464115142822
70 44677.99961015 2.582033157348633
70 43911.997730350005 2.579397678375244
70 46020.47480479001 2.6310861110687256
70 44677.99961015 2.7024054527282715
70 46742.04968152 2.5162172317504883
70 43943.76288667 2.8023548126220703
70 49647.01363491 2.7424354553222656
70 43347.74023564 2.6288034915924072
70 46742.04968152 2.7287490367889404
70 41811.77517774 2.917036533355713
70 48152.31631752 2.8618216514587402
70 48152.31631752 2.3995203971862793
70 48152.31631752 2.707646131515503
70 38661.32690281 2.836275100708008
70 46818.59888152 2.5093588829040527
70 49196.51021253999 2.9574668407440186
70 51669.023904539994 3.6624467372894287
70 46818.59888152 3.2220253944396973
70 46742.04968152 2.6832115650177
70 47226.880962459996 2.6557564735412598
80 46020.47480479001 2.943413734436035
80 52385.617662079996 2.9298434257507324
80 42773.215394119994 2.9022583961486816
80 40873.23970436 3.266124725341797
80 44106.93283012 3.060087203979492
80 48934.180796550005 2.9366886615753174
80 46454.43380752 3.119443893432617
80 47345.35752646 2.974656343460083
80 48152.31631752 3.075401782989502
80 38559.05754338 2.987484931945801
80 49196.51021253999 2.9475643634796143
80 49196.51021253999 2.828601121902466
80 40872.786591640004 3.1821794509887695
80 44677.99961015 2.9454832077026367
80 48152.31631752 2.9801957607269287
80 42409.05032009 3.1559407711029053
80 54091.76650208 3.0452613830566406
80 46818.59888152 3.126131772994995
80 51979.15702908 3.033750057220459
80 49196.51021253999 2.914058208465576
80 43034.298596789995 2.8169262409210205
80 47150.12430654 3.0959885120391846
80 41076.71798653 2.8843507766723633
80 44677.99961015 3.1275360584259033
80 46454.43380752 3.3676247596740723
80 46454.43380752 2.9134485721588135
80 44677.99961015 2.8961431980133057
80 42409.05032009 2.9133944511413574
80 41000.27863576 2.910261392593384
80 48152.31631752 3.27024507522583
90 42698.731078020006 3.568560838699341
90 46818.59888152 3.2657618522644043
90 51669.023904539994 3.4846370220184326
90 48152.31631752 3.549649238586426
90 43527.76272936 3.407280206680298
90 46454.43380752 3.2545907497406006
90 46020.47480479001 3.234893321990967
90 47150.12430654 3.302988052368164
90 46387.212330149996 3.3852450847625732
90 49432.18897754 3.2837445735931396
90 46818.59888152 3.572113037109375
90 51835.984037539994 3.3936660289764404
90 49432.18897754 3.2343196868896484
90 52385.617662079996 3.384122848510742
90 51669.023904539994 3.260972738265991
90 47147.99017846001 3.494445562362671
90 46020.47480479001 3.1143264770507812
90 48152.31631752 3.577441930770874
90 48152.31631752 3.4550163745880127
90 44106.93283012 3.4522721767425537
90 51835.984037539994 3.585033416748047
90 43034.29859679 3.430145502090454
90 46020.47480479 3.3708722591400146
90 42321.048190639995 3.5097177028656006
90 39720.425022439995 3.3894972801208496
90 52385.617662079996 3.6129143238067627
90 48152.31631752 3.3462822437286377
90 50603.20651355 3.5567357540130615
90 47226.880962459996 3.348336935043335
90 51731.69875671 3.2678117752075195
100 46532.770119149995 4.071080684661865
100 51835.98403754 3.983015537261963
100 46454.43380752 4.005932331085205
100 48152.31631752 3.959789514541626
100 46404.09765138 3.6162447929382324
100 36923.69848651 3.8492579460144043
100 53437.847596709995 3.8236653804779053
100 46454.43380752 3.62412428855896
100 46818.59888152 3.6826772689819336
100 42696.666194089994 3.8319637775421143
100 49432.188977540005 3.681140661239624
100 50603.20651355 3.7366464138031006
100 50603.20651355 3.688681125640869
100 46454.43380752 3.834582805633545
100 46778.218496090005 3.9763784408569336
100 47150.12430654 3.85888934135437
100 48152.31631752 3.723745346069336
100 46742.04968152 3.7683117389678955
100 46818.59888152 3.9079172611236572
100 40561.08670548 3.699023723602295
100 46818.59888152 3.7994375228881836
100 52566.473479709995 3.767544746398926
100 48152.31631752 3.5584559440612793
100 48152.31631752 3.6735668182373047
100 40561.08670548 3.869497299194336
100 50286.146617909995 3.6484739780426025
100 49196.51021253999 3.5462119579315186
100 48152.31631752 3.7666308879852295
100 47345.35752646 3.8250179290771484
100 47345.35752646 3.650634288787842
110 48152.31631752 4.062957048416138
110 47147.99017846001 4.505114316940308
110 44106.93283012 4.122509241104126
110 46742.04968152 3.984574556350708
110 51731.69875671 4.429179668426514
110 48152.31631752 4.3309221267700195
110 50286.146617909995 4.072589874267578
110 46454.43380752 4.163050889968872
110 46454.43380752 4.070046663284302
110 46818.59888152 4.064132213592529
110 51835.984037539994 4.306864976882935
110 48152.31631752 4.1583685874938965
110 46532.77011915 4.06856107711792
110 51835.984037539994 4.050751686096191
110 53437.847596709995 4.184813022613525
110 48934.180796550005 4.0839972496032715
110 48152.31631752 4.0682692527771
110 51835.984037539994 4.2214436531066895
110 49432.18897754 3.9673545360565186
110 44106.93283012 4.105994939804077
110 52566.473479709995 4.356325626373291
110 48934.180796550005 4.144497394561768
110 52385.617662079996 4.305124282836914
110 49196.51021253999 4.243142127990723
110 50286.146617909995 3.9661691188812256
110 52566.473479709995 4.342852830886841
110 46818.59888152 4.252268314361572
110 46818.59888152 4.006341934204102
110 46454.43380752 4.073954105377197
110 46742.04968152 4.307779312133789
120 47147.99017846 4.7909533977508545
120 51835.98403754 4.7929558753967285
120 47147.99017846001 4.119592189788818
120 46818.59888152 4.813155174255371
120 46818.59888152 4.485259532928467
120 54091.76650208 4.346076726913452
120 46742.04968152 4.697073221206665
120 51835.984037539994 4.522292375564575
120 46020.47480479001 4.7702956199646
120 46243.27921266 4.423788070678711
120 48152.31631752 4.177368879318237
120 51731.69875671 4.333853721618652
120 48152.31631752 4.59513521194458
120 46818.59888152 4.43937611579895
120 43943.76288667 4.512938976287842
120 48152.31631752 4.671135425567627
120 46742.04968152 4.791860818862915
120 51979.15702908 4.738752365112305
120 49196.51021254 4.580880641937256
120 47147.99017846 4.398488998413086
120 46166.73001263 4.38809871673584
120 46818.59888152 4.478833198547363
120 43527.76272936 4.570456027984619
120 47150.124306540005 4.707643747329712
120 52566.47347971 4.429503440856934
120 41811.77517774 4.675715923309326
120 46742.04968152 4.387727737426758
120 47226.880962459996 4.604180097579956
120 46691.43862109 4.594765663146973
120 46818.59888152 4.559271574020386
130 51731.69875671 4.808642864227295
130 49432.188977540005 5.018356800079346
130 42773.21539412001 5.128883361816406
130 49196.51021253999 4.904850006103516
130 48152.31631752 4.873650312423706
130 46742.04968152 4.797094821929932
130 44677.99961015 4.837907791137695
130 48152.31631752 4.858445644378662
130 46742.04968152 4.677639722824097
130 48152.31631752 4.786961555480957
130 48152.31631752 4.839518785476685
130 48152.31631752 5.076932430267334
130 46454.43380752 5.209125995635986
130 48152.31631752 4.937047481536865
130 46778.218496090005 4.776963949203491
130 46532.77011915 4.996276140213013
130 52176.71579091 5.221720933914185
130 47150.12430654 4.754215717315674
130 40561.08670548 5.124736309051514
130 47150.12430654 5.422564744949341
130 53437.847596709995 5.046396017074585
130 48152.31631752 5.110011577606201
130 51979.15702908 4.697222948074341
130 46818.59888152 4.988407611846924
130 46387.212330149996 5.125502586364746
130 46818.59888152 4.934444189071655
130 49432.188977540005 5.14855170249939
130 46742.04968152 4.807843446731567
130 46020.47480479001 5.0220959186553955
130 46691.43862109 4.82654070854187
140 52566.473479709995 5.07345724105835
140 46818.59888152 5.328295469284058
140 47147.99017846001 5.3268983364105225
140 48152.31631752 4.836315631866455
140 48152.31631752 5.44818902015686
140 46818.59888152 5.383748769760132
140 46818.59888152 5.1161181926727295
140 52566.47347971 5.374272346496582
140 53685.30586908 5.470363616943359
140 46818.59888152 5.438157320022583
140 46818.59888152 5.2831642627716064
140 46818.59888152 5.367909908294678
140 52566.473479709995 5.214290618896484
140 46778.218496090005 5.388091087341309
140 47345.35752646 5.370185852050781
140 46532.77011915 5.28602933883667
140 48152.31631752 5.4265336990356445
140 46818.59888152 5.433343172073364
140 48934.180796550005 5.207213640213013
140 53437.847596709995 5.351077079772949
140 52566.47347971 5.0709006786346436
140 46742.04968152 5.30088472366333
140 47345.35752646 7.551706790924072
140 49196.51021254 5.9505321979522705
140 49432.188977540005 5.631605863571167
140 48152.31631752 5.9653496742248535
140 48152.31631752 6.137681722640991
140 46742.04968152 5.585145473480225
140 52176.71579091 5.823809862136841
140 51669.023904539994 5.687891006469727
150 42773.215394119994 6.69059157371521
150 47147.99017846 6.432364463806152
150 42409.05032009 6.4425482749938965
150 51979.15702908 6.484492540359497
150 41811.77517774 6.456912517547607
150 47147.99017846001 5.961255788803101
150 43527.76272936 7.346566438674927
150 48152.31631752 6.647299289703369
150 48152.31631752 6.01011061668396
150 46020.47480479001 5.9530415534973145
150 46454.43380752 6.256902694702148
150 47226.880962459996 8.877238750457764
150 48152.31631752 6.610278844833374
150 46742.04968152 5.708582162857056
150 48152.31631752 5.765842437744141
150 53685.305869079995 6.9022057056427
150 46742.04968152 6.553154945373535
150 46742.04968152 6.809645175933838
150 53685.30586908 7.00511360168457
150 46387.212330149996 6.419975519180298
150 49647.01363491001 6.467463731765747
150 51835.98403754 6.398689031600952
150 46818.59888152 6.753945350646973
150 51979.15702908 6.94869589805603
150 49432.188977540005 6.551356077194214
150 53685.30586908 5.8814616203308105
150 46719.18907609 5.595769882202148
150 48152.31631752 5.9170825481414795
150 47226.880962459996 6.2164623737335205
150 46454.43380752 6.186488151550293
160 51835.98403754 6.859753608703613
160 48152.31631752 6.551970958709717
160 52566.47347971 5.5062806606292725
160 46719.18907609 7.108571290969849
160 51731.69875671 6.053148031234741
160 50603.20651355 6.013576984405518
160 46818.59888152 7.209996223449707
160 46818.59888152 5.850820779800415
160 46818.59888152 5.604729175567627
160 46532.770119149995 6.369728088378906
160 43943.76288667 6.336598634719849
160 48152.31631752 5.915742635726929
160 54091.76650208 6.216176986694336
160 46454.43380752 6.276469945907593
160 46454.43380752 5.889864444732666
160 46818.59888152 6.0308003425598145
160 46742.04968152 5.828850984573364
160 51835.984037539994 6.089754819869995
160 46818.59888152 5.9772257804870605
160 46818.59888152 5.9510157108306885
160 46778.218496090005 5.997052907943726
160 47150.12430654 6.051964998245239
160 48152.31631752 5.860971212387085
160 52385.617662079996 6.387850761413574
160 48152.31631752 5.826783657073975
160 46719.18907609 6.673652410507202
160 48152.31631752 6.366932153701782
160 47147.99017846 6.314306020736694
160 46532.770119149995 6.264352321624756
160 49196.51021254 5.879220247268677
170 46818.59888152 6.49042272567749
170 52566.47347971 6.132766962051392
170 49196.51021253999 6.23970365524292
170 47147.99017846001 7.276374578475952
170 46454.43380752 6.765525817871094
170 47150.124306540005 8.687699317932129
170 42696.666194089994 6.449012756347656
170 53437.847596709995 7.446690559387207
170 49432.18897754 7.41670298576355
170 48152.31631752 6.671782970428467
170 46818.59888152 8.197778940200806
170 47147.99017846 6.610780954360962
170 46742.04968152 6.563636541366577
170 46742.04968152 6.325022459030151
170 46742.04968152 6.25855278968811
170 51669.023904539994 6.294684171676636
170 49196.51021253999 6.681030750274658
170 48934.18079655 6.656470060348511
170 47345.35752646 6.229272127151489
170 48152.31631752 6.532828092575073
170 51835.98403754 6.733836650848389
170 46778.218496090005 6.391226291656494
170 46778.218496090005 6.8090972900390625
170 46778.218496090005 6.357280731201172
170 48152.31631752 6.526869773864746
170 47147.99017846 6.463000297546387
170 46778.218496090005 7.228610992431641
170 46532.77011915 7.398012161254883
170 52176.71579091 6.9897849559783936
170 46778.218496090005 7.186796188354492
180 52385.617662079996 7.162336349487305
180 53685.30586908 8.012165307998657
180 46742.04968152 7.085782051086426
180 46454.43380752 6.952617406845093
180 46818.59888152 10.245349645614624
180 47345.35752646 8.69020414352417
180 48152.31631752 7.620237350463867
180 52566.47347971 6.773843765258789
180 46818.59888152 7.017147779464722
180 46742.04968152 7.5262110233306885
180 47226.880962459996 7.977552175521851
180 48152.31631752 8.400092124938965
180 46818.59888152 9.570424795150757
180 52176.71579091 9.915796518325806
180 51835.984037539994 7.544119119644165
180 48934.18079655 8.650844812393188
180 48152.31631752 6.6993536949157715
180 48152.31631752 7.8373634815216064
180 53437.847596709995 8.611414909362793
180 46778.218496090005 8.284608602523804
180 46742.04968152 7.522436618804932
180 46691.43862109 8.337409257888794
180 48152.31631752 10.708661794662476
180 47150.12430654 8.176142930984497
180 53685.30586908 10.264512300491333
180 46691.43862109 8.019793510437012
180 47345.35752646 8.078495264053345
180 47147.99017846 6.712642192840576
180 48152.31631752 7.39725923538208
180 46818.59888152 7.004868030548096
190 46719.18907609 8.591924905776978
190 51835.984037539994 7.142791509628296
190 52176.71579091 7.3141703605651855
190 46818.59888152 7.759190082550049
190 50286.146617909995 7.973156213760376
190 54091.76650208 7.737917423248291
190 46719.18907609 8.465536832809448
190 46818.59888152 7.1286468505859375
190 54091.76650208 7.37871241569519
190 47226.880962459996 7.3214333057403564
190 47345.35752646 6.977123022079468
190 52566.473479709995 7.116447687149048
190 49432.188977540005 7.694203853607178
190 54091.76650208 7.530980587005615
190 49632.22771254 7.366779327392578
190 41811.77517774 7.646588087081909
190 50603.20651355 7.329530954360962
190 50603.20651355 8.339253664016724
190 51835.98403754 7.609029769897461
190 53685.305869079995 7.556882858276367
190 46454.43380752 8.275297403335571
190 48152.31631752 7.283637285232544
190 48152.31631752 7.375460147857666
190 46387.212330149996 7.309479475021362
190 49432.188977540005 7.415401220321655
190 49647.01363491001 6.95209002494812
190 46020.47480479 7.230185270309448
190 46742.04968152 7.016780853271484
190 46742.04968152 7.171785831451416
190 47147.99017846001 7.340745687484741
200 53685.305869079995 7.799985885620117
200 47345.35752646 7.448363780975342
200 53685.305869079995 7.627944707870483
200 49432.18897754 7.863615989685059
200 44677.99961015 7.512799024581909
200 46818.59888152 7.600980281829834
200 54091.76650208 7.393737077713013
200 51731.69875671 7.5108726024627686
200 46778.218496090005 7.467378377914429
200 48152.31631752 7.878807783126831
200 48152.31631752 7.6676177978515625
200 51669.023904539994 7.4354407787323
200 48152.31631752 7.685864686965942
200 48934.18079655 7.267480850219727
200 49432.188977540005 7.544246196746826
200 49432.188977540005 7.772094488143921
200 49196.51021253999 7.268146514892578
200 46742.04968152 7.9106833934783936
200 48152.31631752 7.735835075378418
200 49196.51021254 7.655897617340088
200 44677.99961015 7.6100754737854
200 48934.18079655 7.6305811405181885
200 48152.31631752 7.851845979690552
200 45223.04281112001 7.739340305328369
200 51835.984037539994 7.489755630493164
200 46532.770119149995 7.811410903930664
200 44106.93283012 7.536014080047607
200 48152.31631752 7.473747730255127
200 43943.76288667 7.528826713562012
200 46818.59888152 7.800660133361816
