10 46454.43380752 11.852995157241821
10 36809.68506268 7.424669981002808
10 25749.891895679997 12.543344259262085
10 43775.020185019996 8.686408519744873
10 36490.46208128 13.555381536483765
10 49196.51021253999 12.754447221755981
10 33243.74006701 22.834333896636963
10 14441.1935156 13.77958607673645
10 14375.32214388 16.43289804458618
10 38480.55298645 12.416877508163452
10 46691.43862109 12.50072979927063
10 16070.437233730001 20.31531310081482
10 16479.11595214 14.651829719543457
10 15567.94725363 21.57736825942993
10 11745.87771726 24.236584186553955
10 36809.68506268 14.013158321380615
10 34468.85171034 14.215260028839111
10 38094.78508056 18.863613605499268
10 44106.93283012 10.93249249458313
10 38743.22436948 19.383285522460938
10 40457.35601156 21.969041109085083
10 11493.091895329999 17.631515741348267
10 30187.608050880004 12.493127822875977
10 19685.79035277 21.799468994140625
10 25959.89664538 15.74796175956726
10 40320.333574159995 11.92937445640564
10 37488.28448880999 15.481307029724121
10 17291.143050259998 24.938717126846313
10 47147.99017846 11.712216138839722
10 42696.666194089994 13.75512981414795
20 53437.847596709995 44.19352459907532
20 23253.98655328 46.57209014892578
20 34138.84434355 44.84636330604553
20 37602.63798687 32.979300022125244
20 16586.263343 35.338566303253174
20 47150.124306540005 24.65958857536316
20 37911.03274456 32.84886980056763
20 37883.28228956 36.09103202819824
20 42644.07337563999 26.122512817382812
20 20529.44140942 37.52684426307678
20 46778.218496090005 30.5598886013031
20 37590.862800279996 33.49644994735718
20 37883.28228956 48.452881813049316
20 38904.95687880999 43.17997193336487
20 43911.997730350005 28.677332162857056
20 46404.09765138 36.15126156806946
20 46719.18907609 33.82753801345825
20 43775.020185019996 30.592705011367798
20 46818.59888152 27.880605459213257
20 40325.861080560004 37.822314500808716
20 39040.13065944 27.30682134628296
20 41223.38324636 27.243038177490234
20 44106.93283012 31.199241399765015
20 47150.124306540005 37.294427156448364
20 49647.01363491 35.30888485908508
20 44106.93283012 22.269733905792236
20 47147.99017846001 33.78893804550171
20 46742.04968152 31.967085123062134
20 39040.13065944 33.80317163467407
20 35742.58583858 27.865324020385742
30 51835.98403754 36.47336673736572
30 17756.895107999997 65.39734268188477
30 37869.43061774 51.886849880218506
30 46387.212330149996 47.6406774520874
30 35964.28159778 49.000436305999756
30 46020.47480479 57.40940475463867
30 41223.38324636 51.37992787361145
30 48152.31631752 52.80902314186096
30 46532.770119149995 44.19627404212952
30 39523.82811474 43.79723143577576
30 36537.79942464 43.73837375640869
30 35362.006153279995 64.82775521278381
30 17001.826714540002 72.7913281917572
30 42773.215394119994 58.51454138755798
30 38426.243847310005 58.906312227249146
30 31607.928510820002 51.04371452331543
30 46719.18907609 55.63587427139282
30 44106.93283012 57.52635598182678
30 43177.61918736 44.11658334732056
30 46818.59888152 42.49714970588684
30 44106.93283012 43.54614496231079
30 36618.74214551 53.23031210899353
30 46742.04968152 50.27233910560608
30 42698.731078020006 43.505842447280884
30 42696.666194089994 48.78933882713318
30 46818.59888152 56.76434803009033
30 42696.666194089994 45.03986978530884
30 49196.51021254 44.43527889251709
30 48152.31631752 54.20705604553223
30 37911.03274456 44.72850465774536
40 46742.04968152 59.47709250450134
40 50286.146617909995 77.38924789428711
40 44677.99961015 62.92628216743469
40 44677.99961015 74.72741270065308
40 46818.59888152 56.250125885009766
40 38174.03880216 62.02079105377197
40 42409.05032009 63.38438129425049
40 48152.31631752 62.31127119064331
40 46691.43862109 61.95130443572998
40 39356.76612082 55.948899269104004
40 42644.07337563999 57.83486294746399
40 48152.31631752 60.07363820075989
40 51979.15702908 60.79727864265442
40 39523.82811474 57.7433819770813
40 42773.215394119994 68.7584056854248
40 42698.73107802 69.99134635925293
40 46818.59888152 61.3919575214386
40 43034.298596789995 65.83584904670715
40 37708.92348993 70.87830591201782
40 48152.31631752 61.489901542663574
40 51835.984037539994 65.96106815338135
40 36536.4604097 68.58091640472412
40 46020.47480479 70.04574275016785
40 42409.05032009 72.28432440757751
40 47226.880962459996 82.76625871658325
40 41223.38324636 71.51443934440613
40 46818.59888152 57.79209303855896
40 41223.38324636 57.85589623451233
40 37911.03274456 67.45044040679932
40 49432.188977540005 67.26100730895996
50 44677.99961015 68.17549014091492
50 40320.333574159995 97.12512826919556
50 37420.10821436 101.00758409500122
50 48152.31631752 106.41554856300354
50 52566.47347971 82.67896389961243
50 34528.16436142 86.94047784805298
50 48152.31631752 87.27739024162292
50 46719.18907609 76.90286087989807
50 51669.023904539994 77.04644680023193
50 38348.18236128 98.33714890480042
50 48152.31631752 89.86943912506104
50 46818.59888152 90.64256262779236
50 46742.04968152 72.21821737289429
50 48152.31631752 72.38053894042969
50 43943.76288667 95.9977638721466
50 41000.27863576 88.65714240074158
50 39114.06454568 89.8396372795105
50 41000.278635760005 81.80134415626526
50 46742.04968152 89.47043514251709
50 37911.03274456 110.47973656654358
50 46818.59888152 104.32573366165161
50 46742.04968152 89.14833998680115
50 48152.31631752 78.9326229095459
50 42696.666194089994 93.6880271434784
50 40320.333574159995 93.45639133453369
50 47147.99017846001 95.17552018165588
50 38366.53474618 106.83697295188904
50 49432.188977540005 71.0568437576294
50 46454.43380752 92.56891202926636
50 35482.96497687 126.00967192649841
60 46818.59888152 105.49289989471436
60 40064.44975612 111.99687600135803
60 47345.35752646 92.0456109046936
60 46020.47480479001 103.52026653289795
60 30362.842162819998 98.43267965316772
60 46454.43380752 83.18327951431274
60 42773.21539412001 93.3430426120758
60 47226.880962459996 100.90416932106018
60 46742.04968152 87.24546313285828
60 46818.59888152 106.64282560348511
60 44106.93283012 78.07496571540833
60 46818.59888152 106.78777146339417
60 48152.31631752 121.23473024368286
60 48934.180796550005 107.79053616523743
60 37288.61328336 108.11684608459473
60 46454.43380752 117.6227355003357
60 40064.44975612 116.68165707588196
60 53437.847596709995 109.69640398025513
60 36801.490084510006 101.0288553237915
60 43177.61918736 100.79596185684204
60 46454.43380752 91.99593758583069
60 48152.31631752 100.87341785430908
60 44106.93283012 116.5090479850769
60 53685.305869079995 91.7070620059967
60 46454.43380752 98.38645458221436
60 46742.04968152 102.12670373916626
60 46719.18907609 89.17640829086304
60 49432.188977540005 111.45538544654846
60 46742.04968152 105.72609376907349
60 46691.43862109 96.77885031700134
70 46778.218496090005 110.08898639678955
70 49196.51021254 107.37203288078308
70 52566.47347971 117.18431901931763
70 39114.06454568 102.86351013183594
70 46778.218496090005 128.70488142967224
70 41223.38324636 120.29135346412659
70 44106.93283012 107.09268069267273
70 44677.99961015 114.82681703567505
70 46454.43380752 111.9741632938385
70 47226.880962459996 87.66608238220215
70 44106.93283012 99.01198840141296
70 54091.76650208 110.76100897789001
70 46020.47480479001 98.67043471336365
70 38090.81932273 118.77582287788391
70 43034.29859679 123.01290988922119
70 42409.05032009 78.67641258239746
70 37869.43061774 118.46473622322083
70 47147.99017846001 113.21140336990356
70 51835.98403754 133.95948266983032
70 42773.215394119994 115.77979636192322
70 48152.31631752 108.42430257797241
70 46387.212330149996 113.71102285385132
70 46454.43380752 136.26625180244446
70 49196.51021254 116.85791349411011
70 38559.05754338 123.24615478515625
70 46532.77011915 120.52576875686646
70 49196.51021254 125.47840571403503
70 51835.98403754 127.76955318450928
70 40561.08670548 130.20587253570557
70 53685.30586908 104.24169683456421
80 42773.21539412001 138.29173588752747
80 42826.60972948 100.25115656852722
80 43943.76288667 119.20990109443665
80 44677.99961015 119.02430844306946
80 47147.99017846 126.06437683105469
80 40457.35601156 133.96382975578308
80 46818.59888152 124.9055495262146
80 43527.76272936 116.42983675003052
80 38356.861339380004 122.11486792564392
80 49647.01363491001 150.24064826965332
80 46742.04968152 132.68341779708862
80 53437.847596709995 112.37801241874695
80 48152.31631752 141.97329139709473
80 51835.98403754 102.23280787467957
80 46691.43862109 123.12336421012878
80 47150.12430654 131.57652735710144
80 48152.31631752 119.81446099281311
80 47150.124306540005 132.5434181690216
80 48152.31631752 125.99603343009949
80 52385.617662079996 137.3115861415863
80 43034.29859679 131.56455898284912
80 50603.20651355 141.07603311538696
80 41213.32182674 156.0765459537506
80 43122.015315250006 131.05684781074524
80 48152.31631752 120.43663835525513
80 48152.31631752 109.18706512451172
80 52566.473479709995 135.1113154888153
80 46454.43380752 122.08170175552368
80 46454.43380752 131.01948356628418
80 39203.58661211 116.93759489059448
90 46742.04968152 162.88570380210876
90 45590.30725812 155.13863492012024
90 51979.15702908 139.2586271762848
90 46742.04968152 133.28899455070496
90 48934.18079655 170.82969522476196
90 46387.212330149996 139.1058132648468
90 43211.81825663999 142.5041754245758
90 46387.212330149996 171.0198678970337
90 46532.77011915 150.40277910232544
90 43943.76288667 161.56062626838684
90 51669.023904539994 120.90925645828247
90 44106.93283012 142.78435111045837
90 36923.69848651 179.5265645980835
90 46454.43380752 137.1782374382019
90 48152.31631752 162.3706979751587
90 47147.99017846001 164.84313130378723
90 46454.43380752 127.75856566429138
90 44677.99961015 167.62330198287964
90 48152.31631752 113.9858672618866
90 46454.43380752 146.18722581863403
90 44677.99961015 146.7202663421631
90 47226.880962459996 140.46138954162598
90 47226.880962459996 153.95498824119568
90 46387.212330149996 133.95526671409607
90 48152.31631752 140.11296796798706
90 46532.770119149995 142.34134936332703
90 43943.76288667 134.67521214485168
90 49632.22771254 129.6278839111328
90 47147.99017846 152.90628147125244
90 46742.04968152 165.01760292053223
100 53685.30586908 162.57439827919006
100 43576.49843967 158.67343473434448
100 37414.29167616 175.601087808609
100 41120.85418833 167.55095863342285
100 52566.47347971 166.599684715271
100 43177.61918736 135.98327040672302
100 47147.99017846 167.32533359527588
100 43855.432122009996 165.00364661216736
100 34491.89736635 179.83888149261475
100 46020.47480479001 175.1277084350586
100 48152.31631752 164.2972013950348
100 49196.51021253999 193.58874893188477
100 53685.30586908 164.78829669952393
100 47345.35752646 164.1198444366455
100 46778.218496090005 178.17479300498962
100 46020.47480479 160.83893036842346
100 46454.43380752 142.98302507400513
100 46818.59888152 143.05082774162292
100 46778.218496090005 175.1188986301422
100 53685.30586908 154.19325423240662
100 49196.51021254 182.52453708648682
100 46778.218496090005 156.49066472053528
100 48152.31631752 188.31937861442566
100 54091.76650208 159.44352436065674
100 39573.401554870004 160.34188628196716
100 46454.43380752 166.98028683662415
100 46742.04968152 179.18144631385803
100 42409.05032009 162.95417833328247
100 40613.16230196 186.31794571876526
100 41801.46911972 152.19056105613708
110 44677.99961015 174.85990047454834
110 51835.98403754 148.35231113433838
110 46454.43380752 162.10075855255127
110 49647.01363491 174.92098355293274
110 46020.47480479 182.38114619255066
110 51979.15702908 173.628333568573
110 48152.31631752 181.43189764022827
110 48152.31631752 172.70578145980835
110 46020.47480479001 186.03007864952087
110 46742.04968152 183.97561621665955
110 46778.218496090005 207.92613649368286
110 44106.93283012 171.2011215686798
110 47150.12430654 172.6861596107483
110 48152.31631752 180.6433892250061
110 46742.04968152 182.16500687599182
110 49432.188977540005 170.94032740592957
110 46818.59888152 167.0139307975769
110 46742.04968152 182.52610206604004
110 47147.99017846001 199.57184195518494
110 46719.18907609 169.61303758621216
110 49647.01363491001 174.1026313304901
110 46818.59888152 175.9937207698822
110 46454.43380752 198.2229347229004
110 48152.31631752 163.8376727104187
110 51835.984037539994 160.06836938858032
110 48152.31631752 174.81895923614502
110 48152.31631752 169.7271213531494
110 48152.31631752 149.46972560882568
110 46742.04968152 196.4241647720337
110 46742.04968152 188.8253026008606
120 50603.20651355 180.31449103355408
120 46818.59888152 210.06654334068298
120 46818.59888152 235.6287341117859
120 48152.31631752 207.54071688652039
120 46742.04968152 209.46035265922546
120 46818.59888152 150.72271943092346
120 47226.880962459996 208.36359572410583
120 48152.31631752 203.85599040985107
120 52385.617662079996 201.0246558189392
120 43800.95776278 185.34558367729187
120 46454.43380752 187.2236807346344
120 48152.31631752 202.43791103363037
120 46818.59888152 189.06227564811707
120 52566.473479709995 190.57001447677612
120 48152.31631752 221.50612592697144
120 42644.07337563999 199.7578842639923
120 46742.04968152 169.88276624679565
120 46742.04968152 187.21199369430542
120 42773.215394119994 194.6152012348175
120 46742.04968152 180.19344687461853
120 53685.30586908 215.4975550174713
120 47226.880962459996 202.7976520061493
120 48152.31631752 204.0625240802765
120 46742.04968152 179.2969605922699
120 49432.188977540005 194.74225234985352
120 48152.31631752 191.06873202323914
120 46166.730012629996 209.2546226978302
120 44677.99961015 209.7219579219818
120 46818.59888152 186.75813484191895
120 49196.51021254 184.24324321746826
130 46532.770119149995 213.26048588752747
130 51669.023904539994 221.7490086555481
130 49196.51021253999 197.49914717674255
130 48934.180796550005 212.133957862854
130 48152.31631752 193.17526173591614
130 50603.20651355 199.15438151359558
130 42773.21539412001 229.61775994300842
130 52176.71579091 200.3206717967987
130 39541.41011181 226.1355791091919
130 49432.188977540005 218.1658763885498
130 46818.59888152 195.8949270248413
130 48152.31631752 205.89976334571838
130 51731.69875671 230.36622953414917
130 47147.99017846 233.51716375350952
130 46454.43380752 200.07919335365295
130 47345.35752646 215.52939200401306
130 46387.212330149996 191.76213383674622
130 46818.59888152 211.39049983024597
130 52176.71579091 189.84592270851135
130 49432.188977540005 186.36343502998352
130 46818.59888152 194.55623173713684
130 53685.30586908 224.58098244667053
130 46691.43862109 198.0730369091034
130 46020.47480479001 212.4198923110962
130 48152.31631752 207.90588641166687
130 46818.59888152 191.34780263900757
130 47226.880962459996 215.24525022506714
130 46778.218496090005 212.89648962020874
130 44106.93283012 224.68389511108398
130 42773.21539412001 220.99982690811157
140 51669.023904539994 243.11638712882996
140 52566.473479709995 259.13494181632996
140 47345.35752646 254.19965720176697
140 46454.43380752 246.2019748687744
140 46454.43380752 232.67571568489075
140 48152.31631752 231.3967638015747
140 47147.99017846001 236.62755680084229
140 46742.04968152 230.76288437843323
140 49432.18897754 250.70518803596497
140 47150.124306540005 252.36694836616516
140 50603.20651355 220.4234082698822
140 46742.04968152 223.4611337184906
140 43943.76288667 237.82372450828552
140 46818.59888152 222.68520069122314
140 46818.59888152 230.84961819648743
140 46719.18907609 245.0773057937622
140 49196.51021253999 250.7850604057312
140 49632.22771254 266.03536343574524
140 49196.51021253999 223.58229231834412
140 43576.49843967 195.45598316192627
140 46020.47480479001 215.37621784210205
140 48152.31631752 227.86032032966614
140 47150.12430654 241.27431273460388
140 46532.77011915 242.28757190704346
140 46454.43380752 219.17907977104187
140 46454.43380752 240.23655128479004
140 46778.218496090005 248.26999592781067
140 52566.47347971 233.21118545532227
140 47226.880962459996 258.87246012687683
140 48152.31631752 251.91497349739075
150 48934.180796550005 237.61535477638245
150 49432.18897754 244.0012469291687
150 48152.31631752 270.2492187023163
150 48152.31631752 257.11505579948425
150 47226.880962459996 279.753356218338
150 46454.43380752 272.7116289138794
150 46818.59888152 292.7575249671936
150 44106.93283012 291.9711503982544
150 41811.77517774 279.59293937683105
150 48152.31631752 290.1254949569702
150 46818.59888152 248.98960185050964
150 48152.31631752 288.08954429626465
150 48152.31631752 265.07955956459045
150 46387.212330149996 301.9003939628601
150 44677.99961015 258.072212934494
150 47147.99017846001 264.21968054771423
150 46454.43380752 272.1148064136505
150 46742.04968152 272.4823775291443
150 48152.31631752 320.67063570022583
150 46742.04968152 286.98359513282776
150 46742.04968152 284.61315155029297
150 46454.43380752 285.3313479423523
150 48934.18079655 252.41604089736938
150 54091.76650208 274.3284955024719
150 49196.51021254 288.4741966724396
150 48152.31631752 271.066312789917
150 52566.47347971 252.24087762832642
150 48152.31631752 265.76683163642883
150 51669.023904539994 307.6587874889374
150 46719.18907609 269.84202098846436
160 46778.218496090005 291.0285453796387
160 46818.59888152 299.3550810813904
160 46532.770119149995 295.983186006546
160 46818.59888152 336.2601499557495
160 46742.04968152 300.7016637325287
160 51835.984037539994 283.213205575943
160 50603.20651355 229.66511988639832
160 48152.31631752 272.87531900405884
160 46818.59888152 267.20581912994385
160 46742.04968152 271.1361768245697
160 43800.95776278 294.55422806739807
160 48152.31631752 240.21947121620178
160 44677.99961015 282.0918128490448
160 51731.69875671 274.13640546798706
160 46454.43380752 258.6470558643341
160 46742.04968152 265.3293378353119
160 47226.880962459996 245.98403406143188
160 52176.71579091 248.5658462047577
160 48152.31631752 255.44914841651917
160 48152.31631752 293.63519501686096
160 52176.71579091 247.71407532691956
160 49432.18897754 252.3005895614624
160 48152.31631752 274.6739511489868
160 47147.99017846 253.2066307067871
160 44677.99961015 274.01800751686096
160 53685.30586908 295.42661929130554
160 51835.98403754 295.385377407074
160 47226.880962459996 280.30460000038147
160 48152.31631752 276.5349178314209
160 46818.59888152 277.31681060791016
170 48152.31631752 310.8023591041565
170 46742.04968152 269.2127468585968
170 48152.31631752 341.7798888683319
170 48152.31631752 291.7289092540741
170 47147.99017846001 271.95157861709595
170 46818.59888152 304.8140552043915
170 47226.880962459996 301.9762945175171
170 48152.31631752 293.3648545742035
170 46691.43862109 309.9274320602417
170 47147.99017846001 283.8263952732086
170 46742.04968152 332.4155683517456
170 48152.31631752 297.9710273742676
170 53685.30586908 292.93771958351135
170 49432.18897754 278.536518573761
170 49647.01363491001 298.8606595993042
170 48152.31631752 264.7775149345398
170 49196.51021254 259.2635586261749
170 46719.18907609 304.95685338974
170 51979.15702908 289.5926523208618
170 51731.69875671 268.5905590057373
170 53437.847596709995 292.7326567173004
170 51979.15702908 296.97033619880676
170 48152.31631752 275.8461720943451
170 48152.31631752 289.43672943115234
170 46818.59888152 302.310316324234
170 50286.146617909995 280.3585286140442
170 48152.31631752 256.62591576576233
170 46020.47480479001 288.40426421165466
170 49196.51021254 276.86914896965027
170 46742.04968152 296.526731967926
180 46778.218496090005 357.44526624679565
180 48152.31631752 301.98277592658997
180 48152.31631752 348.0871081352234
180 48152.31631752 309.9976818561554
180 47150.12430654 345.9272766113281
180 52176.71579091 360.1738028526306
180 46818.59888152 336.7027118206024
180 48934.18079655 327.10716223716736
180 46778.218496090005 277.50132036209106
180 46020.47480479001 408.19069743156433
180 48934.18079655 299.2052147388458
180 46454.43380752 329.04506754875183
180 46454.43380752 397.3185238838196
180 48152.31631752 462.2151517868042
180 46818.59888152 411.9414105415344
180 48152.31631752 388.5100748538971
180 46818.59888152 362.26605129241943
180 53685.305869079995 307.4232699871063
180 48152.31631752 363.7853989601135
180 49196.51021253999 362.0798580646515
180 48152.31631752 344.8347809314728
180 49647.01363491001 332.96471214294434
180 49432.18897754 446.21625995635986
180 51979.15702908 386.8604271411896
180 44106.93283012 358.1993055343628
180 48152.31631752 320.5334041118622
180 48934.18079655 343.29425501823425
180 48152.31631752 370.4365785121918
180 46742.04968152 324.3771469593048
180 47345.35752646 310.10651302337646
190 48152.31631752 325.4856300354004
190 52566.47347971 323.3537063598633
190 43775.020185019996 330.63954734802246
190 48152.31631752 312.42652010917664
190 51835.984037539994 294.5069396495819
190 51835.98403754 323.7062771320343
190 53685.30586908 325.33866572380066
190 49196.51021254 332.6214323043823
190 48152.31631752 341.2063398361206
190 48152.31631752 338.54405188560486
190 52176.71579091 329.52648282051086
190 49196.51021253999 310.9618134498596
190 51835.98403754 325.7402877807617
190 49196.51021253999 312.07055711746216
190 49196.51021254 307.23517656326294
190 46818.59888152 274.9194931983948
190 48152.31631752 343.3379876613617
190 52566.47347971 333.0171592235565
190 47226.880962459996 327.29242420196533
190 46818.59888152 313.3867301940918
190 47150.124306540005 325.25644612312317
190 46818.59888152 311.1532394886017
190 46778.218496090005 329.45323157310486
190 48152.31631752 343.28214144706726
190 46742.04968152 308.69148659706116
190 51835.98403754 303.29381227493286
190 51979.15702908 348.6207926273346
190 47147.99017846001 307.22794127464294
190 46818.59888152 291.17181515693665
190 46818.59888152 298.4872679710388
200 48152.31631752 337.28924322128296
200 48934.18079655 346.9852292537689
200 47345.35752646 335.6024053096771
200 48152.31631752 308.7532253265381
200 46818.59888152 305.5277636051178
200 44677.99961015 307.60422587394714
200 48152.31631752 343.0148055553436
200 51835.98403754 317.88961005210876
200 47147.99017846001 354.0246856212616
200 53685.305869079995 315.6693181991577
200 48934.180796550005 325.3996512889862
200 47147.99017846001 293.5248827934265
200 51979.15702908 347.1532952785492
200 46818.59888152 341.34795475006104
200 49432.18897754 330.5897068977356
200 46454.43380752 337.14015007019043
200 51731.69875671 341.87718868255615
200 52566.473479709995 340.74820470809937
200 47345.35752646 296.42722153663635
200 45590.30725812 329.59933161735535
200 51731.69875671 345.95725297927856
200 46818.59888152 310.4422359466553
200 48152.31631752 328.30124521255493
200 48152.31631752 329.26511573791504
200 53685.305869079995 347.5001976490021
200 48152.31631752 312.10626101493835
200 52566.473479709995 363.2676260471344
200 47147.99017846001 315.0316004753113
200 49196.51021253999 333.6690375804901
200 47150.124306540005 334.2444167137146
