10 22905.17441996 0.42038893699645996
10 22061.077484400004 0.5775599479675293
10 18056.71777051 0.5134482383728027
10 18346.77865317 0.6188607215881348
10 23157.71135537 0.4749720096588135
10 16270.7583312 0.44986581802368164
10 23929.998018730003 0.5881650447845459
10 13679.446010700001 0.6391177177429199
10 14176.5608657 0.5098292827606201
10 23157.711355370004 0.3941338062286377
10 12962.6710082 0.6646614074707031
10 23157.71135537 0.46468544006347656
10 17159.96554894 0.581916332244873
10 20281.60571798 0.5466263294219971
10 22905.17441996 0.462904691696167
10 18056.71777051 0.528623104095459
10 19513.04268571 0.44602155685424805
10 22489.722535660003 0.5690443515777588
10 17629.386839339997 0.5618443489074707
10 15648.86438966 0.517287015914917
10 16538.92951414 0.619328498840332
10 12160.38457607 0.6523439884185791
10 23172.90682051 0.468858003616333
10 18113.50338017 0.6338469982147217
10 24613.182303579997 0.45176243782043457
10 22489.722535660003 0.4635136127471924
10 17417.65826767 0.6070742607116699
10 11705.7164442 0.5283796787261963
10 13762.95305088 0.43418407440185547
10 21113.59697549 0.457674503326416
20 23414.84821296 1.043818473815918
20 18004.719050339998 0.8634517192840576
20 21464.89893689 1.0257737636566162
20 23414.84821296 1.119743824005127
20 21586.991269770002 0.9619414806365967
20 23929.998018730003 0.8956151008605957
20 23523.653988370002 1.1055223941802979
20 17811.866543340002 1.0341410636901855
20 17391.66570209 1.0045747756958008
20 21464.89893689 1.0633807182312012
20 28314.94627527 1.0872552394866943
20 24986.069380890003 0.9444692134857178
20 28314.94627527 1.068483591079712
20 21872.8197804 1.0716784000396729
20 24613.18230358 1.0356194972991943
20 22905.17441996 1.053985834121704
20 23157.711355370004 0.8790898323059082
20 22424.598198400003 0.943244457244873
20 16476.78126409 1.0514335632324219
20 18056.71777051 1.0455102920532227
20 17623.60883934 0.9959750175476074
20 23414.84821296 1.0631792545318604
20 17970.016470330003 1.059849500656128
20 21464.89893689 0.9929285049438477
20 18718.40291571 1.0742449760437012
20 22905.17441996 1.0027251243591309
20 17291.143050259998 1.0673096179962158
20 17159.96554894 1.0926523208618164
20 23523.653988370002 0.9545435905456543
20 19434.73184853 1.1406760215759277
30 23414.84821296 1.508009433746338
30 22117.612144400002 1.4941959381103516
30 23414.84821296 1.4490487575531006
30 23414.84821296 1.5616528987884521
30 25604.5489493 1.5734307765960693
30 17693.57931694 1.5218069553375244
30 21464.89893689 1.5502150058746338
30 22905.17441996 1.5328083038330078
30 33465.25134584 1.513310432434082
30 27547.624880620002 1.481863021850586
30 23405.2647871 1.438244342803955
30 22489.722535660003 1.5282258987426758
30 16901.601157700003 1.4850177764892578
30 23404.606973659997 1.5799081325531006
30 15704.49460073 1.4255199432373047
30 18519.84741053 1.4995722770690918
30 22730.1320594 1.4901783466339111
30 24529.86797421 1.4844844341278076
30 28314.94627527 1.547616958618164
30 17159.96554894 1.4121730327606201
30 16729.3181995 1.4721202850341797
30 24613.182303579997 1.5234832763671875
30 16065.164905140002 1.5236468315124512
30 23414.84821296 1.4250314235687256
30 24613.182303579997 1.5668597221374512
30 17404.8912007 1.4999113082885742
30 22905.17441996 1.4296762943267822
30 21464.89893689 1.494251012802124
30 18787.27902342 1.5646591186523438
30 23404.606973660004 1.439988374710083
40 23929.998018730003 2.0551838874816895
40 23404.606973659997 2.0261988639831543
40 28314.94627527 2.2626702785491943
40 24613.182303579997 2.021228075027466
40 26627.77517391 1.8698127269744873
40 22501.897753960002 2.1047680377960205
40 17159.96554894 1.875237226486206
40 22905.17441996 1.8959312438964844
40 23404.606973660004 2.10489821434021
40 22905.17441996 2.1354682445526123
40 17693.57931694 2.0426483154296875
40 22905.17441996 2.0701684951782227
40 23404.606973659997 2.066378593444824
40 22049.071486419998 2.124319076538086
40 23404.606973659997 1.8989160060882568
40 22489.722535660003 1.9371418952941895
40 25602.607214890002 2.116727590560913
40 23173.36672728 1.981395959854126
40 25111.14685086 1.9850819110870361
40 25369.33194189 1.9026286602020264
40 23414.84821296 2.0539000034332275
40 24613.18230358 1.8955371379852295
40 23157.711355370004 1.9304778575897217
40 23404.606973660004 1.9868948459625244
40 25602.607214890002 1.8422503471374512
40 24613.18230358 1.9394903182983398
40 25987.811510300002 2.135355234146118
40 24613.182303579997 1.962127923965454
40 22489.722535660003 2.121081590652466
40 23404.606973659997 1.9290003776550293
50 23404.606973659997 2.5181078910827637
50 16736.94080233 2.4808270931243896
50 23404.606973659997 2.482358694076538
50 23855.52979289 2.5866408348083496
50 25987.811510300002 2.5119311809539795
50 23157.711355370004 2.523500919342041
50 22449.6233984 2.6370697021484375
50 24613.182303579997 2.682088851928711
50 28314.94627527 2.4880001544952393
50 17970.016470330003 2.5853559970855713
50 23172.90682051 2.3612561225891113
50 24986.06938089 2.5605547428131104
50 24986.06938089 2.444784164428711
50 24613.182303579997 2.565314769744873
50 23404.606973659997 2.625354051589966
50 23414.84821296 2.512181282043457
50 27476.74265562 2.5478873252868652
50 23404.606973659997 2.5091946125030518
50 27239.021518370002 2.6330161094665527
50 25369.33194189 2.3618664741516113
50 22905.17441996 2.5421693325042725
50 22905.17441996 2.6965110301971436
50 25604.548949300002 2.5950348377227783
50 26627.775173910002 2.425591468811035
50 22489.722535660003 2.432616949081421
50 24613.18230358 2.472621202468872
50 22489.722535660003 2.4292330741882324
50 26271.419166530002 2.3376760482788086
50 23414.84821296 2.5914785861968994
50 23414.84821296 2.535271167755127
60 25369.33194189 3.043687105178833
60 22905.17441996 2.9830403327941895
60 25602.607214890002 3.02335262298584
60 26627.77517391 3.092355489730835
60 25369.33194189 3.010467052459717
60 22905.17441996 2.906690835952759
60 24613.182303579997 3.088165760040283
60 23157.711355370004 2.9510719776153564
60 28314.94627527 2.936769723892212
60 23414.84821296 3.125972032546997
60 23929.998018730003 3.077697992324829
60 37620.555973869996 2.996795415878296
60 23222.01715154 2.93227219581604
60 28314.94627527 2.87003231048584
60 24613.18230358 3.120119571685791
60 25602.607214890002 2.9373362064361572
60 22248.151991400002 3.04132342338562
60 19633.28735371 3.0737874507904053
60 23414.84821296 3.0699875354766846
60 26627.77517391 2.9958202838897705
60 25604.548949300002 2.915604591369629
60 23414.84821296 2.916501760482788
60 24613.18230358 3.0959177017211914
60 21892.525130770002 3.0771172046661377
60 21113.59697549 2.8546462059020996
60 23414.84821296 3.0493791103363037
60 17693.57931694 2.9881796836853027
60 25378.77202177 2.906432867050171
60 22905.17441996 3.0886733531951904
60 23414.84821296 3.038027286529541
70 22449.6233984 3.529043674468994
70 23414.84821296 3.6058173179626465
70 23483.90708135 3.570525646209717
70 23414.84821296 3.640503168106079
70 23414.84821296 3.5680172443389893
70 25190.51431777 3.4344310760498047
70 25604.548949300002 3.479999303817749
70 24986.06938089 3.506406784057617
70 24844.882456729996 3.4786558151245117
70 28674.88454057 3.5118353366851807
70 25369.33194189 3.550960063934326
70 23929.998018730003 3.7477056980133057
70 20984.86882334 3.578246831893921
70 23404.606973660004 3.500849723815918
70 26808.765860040003 3.5504002571105957
70 22905.17441996 3.468123197555542
70 22905.17441996 3.4503180980682373
70 24613.18230358 3.5224123001098633
70 26937.22593208 3.6403017044067383
70 24613.18230358 3.5067708492279053
70 24986.06938089 3.493222236633301
70 23404.606973660004 3.4080557823181152
70 23157.71135537 3.4040451049804688
70 22905.17441996 3.467521905899048
70 22905.17441996 3.6146724224090576
70 24976.99263437 3.3583476543426514
70 24613.18230358 3.5070266723632812
70 24613.18230358 3.5905508995056152
70 26726.24453263 3.4601080417633057
70 25604.5489493 3.597055673599243
80 24492.93763558 3.9554383754730225
80 22905.17441996 3.9263951778411865
80 23414.84821296 3.7737643718719482
80 24844.882456729996 4.077904462814331
80 23414.84821296 3.9990146160125732
80 23070.445150929998 3.862410306930542
80 23414.84821296 3.9485127925872803
80 23414.84821296 3.967949628829956
80 23404.606973660004 3.876779317855835
80 23929.998018730003 3.872850179672241
80 24613.182303579997 3.7726635932922363
80 25602.607214890002 3.9619154930114746
80 23929.998018730003 4.170586585998535
80 24986.069380890003 3.9079174995422363
80 23414.84821296 3.8705978393554688
80 25400.020427890002 4.014443635940552
80 26627.77517391 3.9818668365478516
80 24613.18230358 4.044649362564087
80 23404.606973660004 4.027803659439087
80 22905.17441996 3.958500623703003
80 25604.548949300002 3.7730441093444824
80 21371.40331363 4.032243490219116
80 25190.51431777 3.7541706562042236
80 22424.598198400003 4.112295866012573
80 27125.608591620003 3.9461464881896973
80 26635.78068894 3.8897006511688232
80 22489.722535660003 4.0689616203308105
80 25065.52741077 3.980036497116089
80 27400.061837269997 3.998685359954834
80 25369.33194189 3.795598030090332
90 23404.606973660004 4.287981986999512
90 23404.606973659997 4.548679828643799
90 28314.94627527 4.312586069107056
90 24613.182303579997 4.387887239456177
90 25987.811510300002 4.505834579467773
90 25624.92574204 4.411898612976074
90 25369.33194189 4.461663722991943
90 23523.653988370002 4.2848122119903564
90 26594.612171110002 4.438101291656494
90 25838.23975 4.574857234954834
90 25604.5489493 4.608870983123779
90 24844.882456730003 4.689965486526489
90 27400.061837269997 4.326833486557007
90 23618.714600400002 4.48164963722229
90 28314.94627527 4.510264873504639
90 26795.093651569998 4.321321249008179
90 23414.84821296 4.61892294883728
90 23414.84821296 4.431442499160767
90 26018.4999963 4.4408299922943115
90 23414.84821296 4.4697651863098145
90 25369.33194189 4.640364408493042
90 26627.775173910002 4.34257435798645
90 24844.882456729996 4.337120771408081
90 24613.18230358 4.541486024856567
90 22905.17441996 4.569945573806763
90 23172.906820509997 4.387364149093628
90 24613.182303579997 4.461113452911377
90 23414.84821296 4.513221263885498
90 25206.57847355 4.572323560714722
90 28314.94627527 4.556327819824219
100 24613.182303579997 5.0379743576049805
100 28314.94627527 4.788795471191406
100 23414.84821296 5.215413570404053
100 24986.06938089 5.004059076309204
100 23414.84821296 5.14863395690918
100 23404.606973659997 5.051666021347046
100 25369.33194189 4.9897379875183105
100 24844.882456729996 4.750545263290405
100 24986.06938089 4.77406120300293
100 24613.182303579997 5.0810463428497314
100 24844.882456730003 4.956827640533447
100 24613.182303579997 5.015894174575806
100 23414.84821296 5.03380012512207
100 24299.31749537 4.9843151569366455
100 23523.653988370002 4.8816258907318115
100 22905.17441996 4.979140996932983
100 23414.84821296 5.066981315612793
100 25987.811510300002 4.925563097000122
100 26473.70759722 5.301210403442383
100 23414.84821296 5.0225982666015625
100 24844.882456729996 5.069684267044067
100 28314.946275269995 4.889691352844238
100 25987.811510300002 4.934333562850952
100 24613.18230358 5.073561191558838
100 23404.606973660004 5.032959222793579
100 23404.606973660004 5.015969276428223
100 24613.18230358 4.953688859939575
100 23103.35117225 5.046523094177246
100 26221.0867833 4.980408191680908
100 24613.18230358 5.2389116287231445
110 23929.998018730003 5.5872132778167725
110 22449.6233984 5.502754211425781
110 24844.882456729996 5.401890754699707
110 22905.17441996 5.474589586257935
110 23414.84821296 5.5353779792785645
110 26808.765860040003 5.471652269363403
110 25369.331941890003 5.52679967880249
110 30298.61087162 5.5754265785217285
110 26428.6859598 5.5122833251953125
110 24613.182303579997 5.440051794052124
110 28516.77374366 5.657830238342285
110 24613.18230358 5.36614203453064
110 23414.84821296 5.6164984703063965
110 23414.84821296 5.409597635269165
110 25602.607214890002 5.404700756072998
110 24099.925178370002 5.410465478897095
110 23172.906820509997 5.428818702697754
110 25604.5489493 5.447314739227295
110 27364.15024862 5.4494194984436035
110 25221.2863883 5.416234493255615
110 24613.18230358 5.321453332901001
110 28314.94627527 5.426898956298828
110 25221.2863883 5.384664058685303
110 24844.882456730003 5.17683744430542
110 23445.266038960002 5.5301477909088135
110 24613.18230358 5.336665630340576
110 23062.003477960003 5.4511878490448
110 27239.021518370002 5.501551389694214
110 24986.06938089 5.477560997009277
110 23686.56027283 5.461297035217285
120 24613.18230358 5.816411256790161
120 23667.385148370002 5.718824148178101
120 23414.84821296 5.847972869873047
120 25987.811510300002 5.977218151092529
120 23578.195687960004 5.84122633934021
120 28314.94627527 5.911675930023193
120 24613.18230358 6.0223047733306885
120 28314.94627527 5.858537912368774
120 24613.182303579997 6.068859815597534
120 28314.94627527 6.104233026504517
120 23157.711355370004 5.944632530212402
120 23404.606973659997 5.81777811050415
120 32218.91646824 5.979108810424805
120 23929.998018730003 5.872013807296753
120 24613.18230358 5.906546354293823
120 24613.18230358 5.845397233963013
120 26993.717806909997 5.876033544540405
120 23404.606973660004 5.965208530426025
120 23404.606973659997 5.963915586471558
120 25369.331941890003 5.978516101837158
120 24613.18230358 5.889096021652222
120 24163.141182770003 6.210414886474609
120 27413.09454785 5.9833269119262695
120 24613.18230358 5.784196615219116
120 23157.711355370004 5.986462116241455
120 26627.77517391 5.809329032897949
120 25987.811510300002 5.661763906478882
120 25221.286388300003 5.812691688537598
120 25604.548949300002 5.773052215576172
120 25221.2863883 5.883173704147339
130 25795.237829659996 6.429680347442627
130 28314.94627527 6.60398530960083
130 23414.84821296 6.485403537750244
130 30384.492484589995 6.381325721740723
130 23404.606973659997 6.3772132396698
130 23404.606973659997 6.458055019378662
130 23414.84821296 6.234778165817261
130 24613.18230358 6.470260381698608
130 23414.84821296 6.517876386642456
130 27061.302795450003 6.252487897872925
130 25369.33194189 6.718757390975952
130 23414.84821296 6.356491804122925
130 24613.182303579997 6.408825159072876
130 23414.84821296 6.519254684448242
130 23404.606973659997 6.584115743637085
130 25369.331941890003 6.524810075759888
130 26939.40229895 6.4328765869140625
130 26356.649493770004 6.651259422302246
130 25602.607214890002 6.484247446060181
130 25790.06117331 6.442694902420044
130 22489.722535660003 6.35430908203125
130 24613.18230358 6.425780773162842
130 23414.84821296 6.292971611022949
130 24844.882456730003 6.492916584014893
130 26627.77517391 6.552552700042725
130 22905.17441996 6.713709354400635
130 24613.18230358 6.28690767288208
130 24613.182303579997 6.437593460083008
130 24613.18230358 6.517976760864258
130 23414.84821296 6.192779064178467
140 24613.18230358 7.054476976394653
140 23157.711355370004 7.084645748138428
140 27634.265356040007 6.785039901733398
140 23523.653988370002 6.761629581451416
140 22905.17441996 6.83937406539917
140 23404.606973660004 6.875302791595459
140 24644.60589052 6.997595310211182
140 28314.94627527 7.29369854927063
140 27025.35502864 6.973670482635498
140 22905.17441996 6.942320346832275
140 25837.8242223 7.021647691726685
140 32088.48557414 6.999299049377441
140 25253.78511477 6.928854703903198
140 25369.33194189 6.909031867980957
140 29345.030980080002 6.96055269241333
140 26627.77517391 6.980571031570435
140 27400.061837269997 7.38153338432312
140 29873.06920616 7.178813695907593
140 23404.606973659997 7.28365421295166
140 23414.84821296 7.543391704559326
140 24613.18230358 6.96976113319397
140 25604.548949300002 7.31586217880249
140 24613.18230358 7.537198543548584
140 23557.741352980003 7.568438768386841
140 33429.12235816 8.12128472328186
140 24613.18230358 8.284667730331421
140 23929.998018730003 6.844080924987793
140 24613.18230358 7.509109258651733
140 25987.811510300002 7.850915908813477
140 25602.607214890002 7.447160005569458
150 24613.18230358 7.461143970489502
150 24613.18230358 7.437180042266846
150 28314.94627527 7.090762376785278
150 25987.811510300002 7.554043531417847
150 32218.91646824 7.242915391921997
150 32460.232814080002 7.510232448577881
150 24613.18230358 7.37517237663269
150 27400.061837269997 7.452281475067139
150 28623.377907 7.464134693145752
150 28314.94627527 7.583496570587158
150 24492.93763558 7.328755855560303
150 26627.775173910002 7.517154932022095
150 28314.94627527 7.318309783935547
150 23414.84821296 7.19655704498291
150 25604.548949300002 7.75628137588501
150 22905.17441996 7.67810320854187
150 23404.606973660004 7.592975378036499
150 26221.0867833 7.426836013793945
150 24613.18230358 7.658462762832642
150 26449.26581062 7.498220920562744
150 24103.469758659998 7.7262327671051025
150 25604.5489493 7.613542079925537
150 24986.06938089 7.730454444885254
150 24103.469758659998 7.761354446411133
150 23929.998018730003 7.64329195022583
150 24844.882456730003 7.915766716003418
150 23929.998018730003 8.222352027893066
150 24613.182303579997 7.4274773597717285
150 25987.811510300002 7.462257623672485
150 23929.998018730003 7.68078875541687
160 25987.811510300002 7.79637336730957
160 24986.06938089 9.826020956039429
160 24613.182303579997 8.64516019821167
160 23414.84821296 8.39687728881836
160 24844.882456729996 7.8715784549713135
160 23206.30487133 7.904288053512573
160 27869.251983969996 8.247397184371948
160 25987.811510300002 8.38433837890625
160 26473.70759722 7.729848861694336
160 25987.811510300002 8.164484739303589
160 28314.94627527 8.068390369415283
160 24844.882456729996 8.18273115158081
160 26725.03238453 7.908117294311523
160 33101.086271809996 7.875635623931885
160 25939.59201762 7.80232048034668
160 24613.18230358 8.009499549865723
160 23414.84821296 8.605054378509521
160 24844.882456730003 8.2081937789917
160 24613.18230358 7.775700807571411
160 30948.739224159996 8.099680185317993
160 25795.237829659996 10.629969120025635
160 23414.84821296 8.420816898345947
160 23414.84821296 15.139484167098999
160 25221.2863883 12.603471994400024
160 24613.18230358 8.932243347167969
160 27400.061837269997 8.838672399520874
160 27400.061837269997 9.511366844177246
160 27403.923129529998 9.068020105361938
160 25987.811510300002 8.660528182983398
160 23414.84821296 9.013059377670288
170 24613.18230358 8.329405784606934
170 24613.18230358 10.723664999008179
170 26726.24453263 8.603898525238037
170 28314.94627527 10.607401847839355
170 25987.811510300002 9.15132761001587
170 23414.84821296 9.553617238998413
170 23414.84821296 8.50906491279602
170 25369.33194189 9.639327049255371
170 22905.17441996 8.59098196029663
170 24986.069380890003 8.988162517547607
170 25602.607214890002 8.556900262832642
170 25604.5489493 8.406354188919067
170 25369.331941890003 8.24967360496521
170 23414.84821296 8.877894163131714
170 25604.5489493 8.292986869812012
170 23414.84821296 8.793388605117798
170 26627.77517391 8.365678548812866
170 28314.94627527 9.179916143417358
170 25221.286388300003 8.47003436088562
170 23414.84821296 8.582393169403076
170 24613.18230358 8.282958745956421
170 28314.94627527 8.58043885231018
170 27400.061837269997 9.328120231628418
170 28314.94627527 9.158005952835083
170 27400.061837269997 9.03075098991394
170 23414.84821296 8.753386735916138
170 28314.94627527 8.815137147903442
170 33070.67130965 8.453230619430542
170 23414.84821296 8.928438425064087
170 23414.84821296 8.644392967224121
180 29665.29150657 9.060838222503662
180 25602.607214890002 9.040375709533691
180 25369.33194189 10.563812017440796
180 23929.998018730003 9.70416784286499
180 23404.606973659997 9.47100019454956
180 26540.19226776 8.791579246520996
180 24613.18230358 8.730232000350952
180 28314.94627527 8.837481498718262
180 25369.33194189 9.113386154174805
180 28314.946275269995 9.03911280632019
180 24880.35339166 8.928128242492676
180 23404.606973660004 8.894487142562866
180 27226.993079909997 8.903464317321777
180 23414.84821296 8.930790185928345
180 27065.306305619997 9.299750328063965
180 25987.811510300002 9.048959493637085
180 39857.12416177 9.005493640899658
180 24613.18230358 9.678325176239014
180 23404.606973659997 10.048954963684082
180 25369.331941890003 9.238965511322021
180 23414.84821296 9.232207298278809
180 24986.069380890003 8.966329097747803
180 25602.607214890002 9.057120323181152
180 32218.91646824 8.98063349723816
180 24146.60541321 9.185882568359375
180 24986.06938089 9.286420583724976
180 28314.94627527 9.270037651062012
180 28159.414701629998 8.821230173110962
180 25987.811510300002 8.870258569717407
180 25987.811510300002 8.9735267162323
190 24844.882456730003 9.774730682373047
190 25987.811510300002 10.859893083572388
190 25369.331941890003 10.308877944946289
190 23157.711355370004 9.318726778030396
190 28314.94627527 9.565306186676025
190 28314.94627527 9.543115854263306
190 28314.94627527 9.597941398620605
190 23929.998018730003 9.66488003730774
190 24844.882456729996 10.489038228988647
190 25369.33194189 9.849719047546387
190 25987.811510300002 11.258641242980957
190 28314.94627527 9.948752403259277
190 25604.548949300002 11.023213148117065
190 22905.17441996 11.432797193527222
190 27611.803121779998 11.667511224746704
190 23414.84821296 9.64462924003601
190 24844.882456730003 11.090081691741943
190 24986.06938089 11.140748023986816
190 26119.1706058 9.81279706954956
190 28403.74953955 9.960338830947876
190 24613.182303579997 9.764402151107788
190 26473.70759722 10.019951105117798
190 27125.608591620003 9.85934829711914
190 28314.94627527 10.728813409805298
190 25602.607214890002 9.700949668884277
190 23404.606973660004 10.313202619552612
190 25987.811510300002 10.31690502166748
190 25987.811510300002 9.555430889129639
190 27977.74575478 9.688721418380737
190 25987.811510300002 9.436587810516357
200 24613.182303579997 11.682622194290161
200 24613.18230358 10.01727843284607
200 24844.882456730003 9.871007919311523
200 28314.94627527 10.099831819534302
200 26993.71780691 9.829967975616455
200 23414.84821296 9.844236850738525
200 23523.653988370002 10.33776068687439
200 28314.94627527 10.421095609664917
200 27182.448645040004 10.178717136383057
200 23929.998018730003 10.531972646713257
200 24986.06938089 10.224046230316162
200 25221.286388300003 9.770555973052979
200 23756.92926137 9.683582305908203
200 27400.061837269997 9.966434001922607
200 24529.86797421 9.947513103485107
200 23414.84821296 9.97342038154602
200 25369.33194189 10.012502908706665
200 24613.182303579997 10.22259259223938
200 23414.84821296 9.943335056304932
200 23589.56743233 10.13239312171936
200 26076.52056681 10.12925410270691
200 25987.811510300002 10.054795503616333
200 24986.06938089 9.768394470214844
200 31068.98389216 9.98635196685791
200 26627.775173910002 10.008039951324463
200 25987.811510300002 9.847662925720215
200 25987.811510300002 9.866639614105225
200 25987.811510300002 10.215746641159058
200 30298.486388520003 10.014615058898926
200 32218.91646824 9.92523193359375
