10 23303.29771183 0.49701809883117676
10 18439.98033151 0.3815286159515381
10 32366.935677459995 0.35267066955566406
10 38046.28265531 0.3303818702697754
10 25577.75342768 0.4142897129058838
10 37959.32439173 0.5010924339294434
10 46454.43380752 0.3589789867401123
10 26405.460790940004 0.3857889175415039
10 35890.83536736 0.46675872802734375
10 46742.04968152 0.3200840950012207
10 46778.218496090005 0.3362891674041748
10 20389.54003148 0.34468936920166016
10 18649.25940584 0.31766343116760254
10 15836.78686814 0.4659104347229004
10 37460.53403381 0.338820219039917
10 42698.731078020006 0.30615663528442383
10 24493.711337099998 0.34320878982543945
10 48152.31631752 0.4095776081085205
10 14776.63737307 0.31900858879089355
10 25176.26399531 0.3339054584503174
10 26954.71244635 0.31370997428894043
10 31512.14122328 0.37438392639160156
10 23578.412588910003 0.32903575897216797
10 39523.82811474 0.36730504035949707
10 23940.752873980004 0.4919435977935791
10 18904.55518042 0.3519580364227295
10 23213.98132237 0.3882565498352051
10 37883.28228956 0.36367082595825195
10 27913.48415145 0.4029114246368408
10 42644.07337564 0.3821694850921631
20 39319.56902181 0.830040693283081
20 38743.22436948 0.8219244480133057
20 47226.880962459996 0.7133851051330566
20 38904.95687880999 0.7221486568450928
20 49432.18897754 0.722449779510498
20 49432.188977540005 0.6909620761871338
20 38080.00587582 0.6995642185211182
20 42696.666194089994 0.7533044815063477
20 48934.180796550005 0.8210277557373047
20 46818.59888152 0.5700924396514893
20 41000.278635760005 0.7325596809387207
20 40632.61612275 0.9219970703125
20 39573.401554870004 0.7451176643371582
20 40277.53668681 0.7116849422454834
20 50286.146617909995 0.7106142044067383
20 44677.99961015 0.803642749786377
20 36618.74214551 0.6996073722839355
20 34491.89736635 0.740501880645752
20 35724.23592755 0.6672298908233643
20 36886.374390080004 0.776414155960083
20 42826.60972948 0.7680847644805908
20 46818.59888152 0.5921790599822998
20 37424.07397219 0.6906309127807617
20 36809.68506268 0.6790366172790527
20 46818.59888152 0.855992317199707
20 46818.59888152 0.6675155162811279
20 34758.258930439995 0.6450128555297852
20 46818.59888152 0.7367002964019775
20 41811.77517774 0.7862932682037354
20 48152.31631752 0.6190156936645508
30 40872.786591640004 1.009404182434082
30 40873.23970436 1.2408194541931152
30 46742.04968152 0.9528439044952393
30 46404.09765138 1.1952543258666992
30 43775.020185019996 1.0702428817749023
30 46691.43862109 1.0677754878997803
30 47147.99017846 1.0277683734893799
30 38743.22436948 1.140282392501831
30 37911.03274456 0.943403959274292
30 46454.43380752 1.1766002178192139
30 46404.09765138 0.9901156425476074
30 46454.43380752 1.199577808380127
30 42409.05032009 1.0064241886138916
30 46742.04968152 0.9711873531341553
30 40569.026100159994 1.0972113609313965
30 37229.36338419 1.0380804538726807
30 48152.31631752 1.045778751373291
30 47147.99017846001 0.9725596904754639
30 42698.731078020006 1.075139045715332
30 47147.99017846 1.0786173343658447
30 42644.07337564 1.1725084781646729
30 44677.99961015 1.0972387790679932
30 46532.770119149995 0.9572849273681641
30 48152.31631752 1.1089911460876465
30 44677.99961015 1.0865287780761719
30 46020.47480479 1.0278091430664062
30 32260.994216689996 1.0335729122161865
30 46454.43380752 0.846489429473877
30 52176.71579091 1.0614748001098633
30 27508.72743935 1.2347936630249023
40 46454.43380752 1.3330464363098145
40 49432.188977540005 1.2776899337768555
40 48152.31631752 1.392669439315796
40 46818.59888152 1.4896717071533203
40 46778.218496090005 1.4234569072723389
40 33803.39400951 1.3962516784667969
40 47147.99017846001 1.1508285999298096
40 46818.59888152 1.2871873378753662
40 44677.99961015 1.2259635925292969
40 34042.39253378 1.3057560920715332
40 48152.31631752 1.25602126121521
40 46818.59888152 1.4849002361297607
40 46020.47480479001 1.5387930870056152
40 42409.05032009 1.4200339317321777
40 40320.333574159995 1.5118958950042725
40 37488.28448880999 1.4560542106628418
40 46818.59888152 1.28086256980896
40 46719.18907609 1.3397204875946045
40 46742.04968152 1.2834157943725586
40 47226.880962459996 1.28609037399292
40 41000.27863576 1.2460103034973145
40 40277.53668681 1.3237481117248535
40 44677.99961015 1.3800513744354248
40 44677.99961015 1.374283790588379
40 46454.43380752 1.5625669956207275
40 48152.31631752 1.3368477821350098
40 44677.99961015 1.333045482635498
40 46818.59888152 1.4891853332519531
40 48152.31631752 1.3631465435028076
40 51979.15702908 1.4487931728363037
50 48152.31631752 1.5610065460205078
50 46719.18907609 1.6120579242706299
50 46778.218496090005 1.8822546005249023
50 47147.99017846001 1.5222523212432861
50 46818.59888152 1.7556052207946777
50 47147.99017846 1.7311294078826904
50 48152.31631752 1.4739410877227783
50 46691.43862109 1.8679468631744385
50 44677.99961015 1.7854681015014648
50 48152.31631752 1.854663610458374
50 54091.76650208 1.7747039794921875
50 51835.984037539994 1.507915735244751
50 46532.770119149995 1.4722375869750977
50 46020.47480479 1.7768845558166504
50 54091.76650208 1.7023348808288574
50 46818.59888152 1.685056209564209
50 52566.47347971 1.5438640117645264
50 47147.99017846 1.83404541015625
50 41811.77517774 1.9140009880065918
50 51731.69875671 1.592808723449707
50 48934.18079655 1.8147318363189697
50 46742.04968152 1.9158146381378174
50 49432.188977540005 1.8172690868377686
50 48152.31631752 1.7356231212615967
50 53685.305869079995 1.778627872467041
50 40074.44396612 1.5962016582489014
50 48152.31631752 1.8297741413116455
50 50603.20651355 1.5995731353759766
50 46778.218496090005 1.7370061874389648
50 47226.880962459996 1.659794569015503
60 47345.35752646 2.229804754257202
60 38743.22436948 2.271726608276367
60 46742.04968152 1.9305369853973389
60 52566.473479709995 1.964331865310669
60 51669.023904539994 2.002809762954712
60 47226.880962459996 2.033229351043701
60 54091.76650208 2.0890345573425293
60 42698.731078020006 2.1227660179138184
60 46691.43862109 1.832716464996338
60 50603.20651355 2.09617018699646
60 38426.243847310005 2.0477135181427
60 44677.99961015 2.003157615661621
60 46818.59888152 1.981415033340454
60 47345.35752646 2.0281436443328857
60 49432.18897754 1.9524686336517334
60 46778.218496090005 2.0242135524749756
60 46818.59888152 2.4498467445373535
60 46742.04968152 1.8814897537231445
60 46454.43380752 1.8603065013885498
60 44677.99961015 2.045363664627075
60 44677.99961015 2.2301971912384033
60 49196.51021253999 2.1111342906951904
60 47147.99017846001 1.9099235534667969
60 39040.13065944 2.058743715286255
60 46818.59888152 1.9328086376190186
60 43576.49843967001 2.0197408199310303
60 47345.35752646 2.0746798515319824
60 41076.71798653 1.9941089153289795
60 46818.59888152 2.274587869644165
60 46020.47480479001 2.069061279296875
70 51979.15702908 2.5276875495910645
70 52566.473479709995 2.5071325302124023
70 51731.69875671 2.668827772140503
70 48152.31631752 2.220905065536499
70 46454.43380752 2.1797690391540527
70 46818.59888152 2.4476916790008545
70 46742.04968152 2.68532395362854
70 46454.43380752 2.2778480052948
70 48152.31631752 2.423480987548828
70 38090.81932273 2.5205211639404297
70 46818.59888152 2.4613730907440186
70 49196.51021253999 2.362703800201416
70 48152.31631752 2.2901771068573
70 44677.99961015 2.5161168575286865
70 49647.01363491001 2.1742913722991943
70 48152.31631752 2.436168670654297
70 54091.76650208 2.066898822784424
70 52566.473479709995 2.2474536895751953
70 52176.71579091 2.3259575366973877
70 48152.31631752 2.316033363342285
70 46719.18907609 2.4886317253112793
70 51669.023904539994 2.3660309314727783
70 52385.617662079996 2.47230863571167
70 51669.023904539994 2.698615789413452
70 46818.59888152 2.479300022125244
70 53685.305869079995 2.3814966678619385
70 48152.31631752 2.353121757507324
70 49196.51021253999 2.225862979888916
70 40811.82320976 2.2005155086517334
70 43775.020185019996 2.4109365940093994
80 46742.04968152 2.8047497272491455
80 47147.99017846 3.1667141914367676
80 49196.51021253999 2.9295167922973633
80 53685.30586908 2.5422098636627197
80 39720.425022439995 2.7788503170013428
80 42622.438314009996 2.698040246963501
80 51731.69875671 2.808166265487671
80 49432.18897754 2.8842592239379883
80 54091.76650208 2.7643988132476807
80 48152.31631752 2.6949691772460938
80 43911.997730350005 2.9972004890441895
80 46532.77011915 2.686034917831421
80 51979.15702908 2.721869468688965
80 39301.49230137 2.7202677726745605
80 46719.18907609 3.0503175258636475
80 46454.43380752 2.5229194164276123
80 47345.35752646 2.734891891479492
80 47147.99017846 2.6969332695007324
80 46742.04968152 2.7782366275787354
80 48152.31631752 2.510678768157959
80 51979.15702908 2.745413064956665
80 44106.93283012 2.373812437057495
80 47345.35752646 2.5511176586151123
80 46818.59888152 2.2478623390197754
80 46778.218496090005 2.614675998687744
80 46818.59888152 2.95711088180542
80 46778.218496090005 2.4877734184265137
80 45590.30725812 2.6266114711761475
80 48152.31631752 2.76212215423584
80 51669.023904539994 2.574901819229126
90 46387.212330149996 3.349921941757202
90 51835.984037539994 3.0233852863311768
90 51835.984037539994 2.9369237422943115
90 46742.04968152 3.0357730388641357
90 52566.47347971 2.9500105381011963
90 46387.212330149996 2.998711585998535
90 41213.32182674 2.992112398147583
90 48152.31631752 3.1439404487609863
90 45223.04281112001 3.3228251934051514
90 51835.98403754 2.9966275691986084
90 49632.22771254 3.120940923690796
90 46742.04968152 2.976832389831543
90 47150.124306540005 3.303412914276123
90 46742.04968152 3.172706365585327
90 46454.43380752 3.201106548309326
90 50286.146617909995 3.0251615047454834
90 49196.51021254 3.256270408630371
90 48152.31631752 3.046623468399048
90 54091.76650208 2.586271047592163
90 40561.08670548 3.372560977935791
90 46020.47480479001 2.9129230976104736
90 48152.31631752 2.9916296005249023
90 46742.04968152 3.033149003982544
90 48152.31631752 3.0797903537750244
90 48152.31631752 3.0595009326934814
90 47345.35752646 2.8189969062805176
90 48152.31631752 3.3086628913879395
90 52176.71579091 3.1047604084014893
90 53437.847596709995 2.982802629470825
90 48934.18079655 2.8739078044891357
100 46818.59888152 3.3804256916046143
100 49647.01363491001 3.29274845123291
100 47345.35752646 2.932011365890503
100 51669.023904539994 3.06415057182312
100 48152.31631752 3.6107680797576904
100 48152.31631752 3.0748660564422607
100 51669.023904539994 3.4872756004333496
100 48152.31631752 3.236999273300171
100 49647.01363491 3.4500949382781982
100 52566.473479709995 3.3934977054595947
100 47147.99017846 3.267841100692749
100 46818.59888152 3.5535550117492676
100 51979.15702908 2.880141496658325
100 48152.31631752 3.6894617080688477
100 48152.31631752 3.476250648498535
100 42773.215394119994 3.4643125534057617
100 51731.69875671 3.311150550842285
100 47345.35752646 3.126682758331299
100 46818.59888152 3.4144129753112793
100 51835.984037539994 3.5400421619415283
100 47147.99017846 3.397254705429077
100 51835.98403754 3.200847864151001
100 46020.47480479001 3.4862585067749023
100 48152.31631752 3.4841973781585693
100 53437.847596709995 3.529658794403076
100 49632.22771254 3.3046622276306152
100 46532.770119149995 3.413882255554199
100 46818.59888152 3.385859489440918
100 51669.023904539994 3.3572957515716553
100 53437.847596709995 3.289151668548584
110 51669.023904539994 3.746613025665283
110 43034.298596789995 3.864931583404541
110 46818.59888152 3.489976406097412
110 48152.31631752 3.637739419937134
110 49196.51021254 3.9713938236236572
110 48152.31631752 3.7958545684814453
110 46691.43862109 3.4828848838806152
110 47150.12430654 3.559002637863159
110 46818.59888152 3.7860114574432373
110 45223.04281112001 3.521989345550537
110 47226.880962459996 3.5165724754333496
110 53437.847596709995 3.5466115474700928
110 48152.31631752 3.964430332183838
110 47226.880962459996 3.8436121940612793
110 46778.218496090005 3.559889078140259
110 46778.218496090005 3.7066259384155273
110 47150.12430654 3.8209872245788574
110 51835.984037539994 3.5893852710723877
110 53685.305869079995 3.69708514213562
110 48152.31631752 3.870948076248169
110 48152.31631752 3.8160934448242188
110 52176.71579091 3.518913984298706
110 47147.99017846 3.6168324947357178
110 46691.43862109 3.6831443309783936
110 47226.880962459996 3.7577598094940186
110 47226.880962459996 3.8213553428649902
110 46742.04968152 3.889516592025757
110 48152.31631752 3.5686707496643066
110 48152.31631752 3.775390148162842
110 51669.023904539994 3.553462505340576
120 48152.31631752 3.936448812484741
120 48152.31631752 4.08978009223938
120 46818.59888152 3.937889575958252
120 49647.01363491 3.9430999755859375
120 50603.20651355 4.1891655921936035
120 48152.31631752 3.776301145553589
120 47147.99017846001 3.938788890838623
120 48152.31631752 3.9383978843688965
120 49432.18897754 3.98836088180542
120 54091.76650208 4.122705459594727
120 52385.617662079996 4.008073806762695
120 49432.18897754 4.141250371932983
120 53437.847596709995 4.189603567123413
120 46818.59888152 4.079348802566528
120 46778.218496090005 4.193093538284302
120 47345.35752646 4.3433613777160645
120 53685.305869079995 3.860745668411255
120 52176.71579091 3.929287910461426
120 48152.31631752 3.7969624996185303
120 52176.71579091 4.168310880661011
120 49196.51021254 3.783712387084961
120 48152.31631752 4.173677921295166
120 47345.35752646 3.8053786754608154
120 49432.188977540005 3.7258050441741943
120 51669.023904539994 3.9336001873016357
120 46742.04968152 4.143026351928711
120 49432.188977540005 4.015666246414185
120 51731.69875671 3.954869031906128
120 49432.18897754 4.163543224334717
120 51835.984037539994 3.826324462890625
130 46454.43380752 4.407022476196289
130 48152.31631752 4.548726797103882
130 51979.15702908 4.750842332839966
130 50603.20651355 3.962581157684326
130 52176.71579091 4.0230934619903564
130 53437.847596709995 4.610657215118408
130 48152.31631752 4.502522945404053
130 54091.76650208 4.365056037902832
130 46778.218496090005 4.576629161834717
130 48152.31631752 4.19304347038269
130 48152.31631752 4.124454498291016
130 52566.47347971 4.1885316371917725
130 49196.51021254 4.092763900756836
130 48152.31631752 4.360543966293335
130 51669.023904539994 4.797004699707031
130 54091.76650208 4.188481569290161
130 46742.04968152 4.215600252151489
130 42696.666194089994 4.705957889556885
130 48934.18079655 4.364557266235352
130 48152.31631752 4.196468830108643
130 51835.98403754 4.281421422958374
130 46742.04968152 4.00503134727478
130 48152.31631752 3.9611027240753174
130 53437.847596709995 3.8701062202453613
130 52566.47347971 4.496881723403931
130 46454.43380752 4.1855175495147705
130 52176.71579091 4.294577121734619
130 46818.59888152 4.523520469665527
130 47147.99017846 4.397495269775391
130 51979.15702908 4.40688943862915
140 52566.473479709995 4.196290016174316
140 48152.31631752 4.711735963821411
140 46742.04968152 4.736278295516968
140 47345.35752646 4.683824062347412
140 48152.31631752 4.747037172317505
140 51979.15702908 4.5392844676971436
140 47147.99017846001 4.793012380599976
140 49647.01363491001 4.505892038345337
140 53685.30586908 4.594537734985352
140 46778.218496090005 4.786987781524658
140 46818.59888152 4.770550489425659
140 48152.31631752 4.34792423248291
140 48152.31631752 4.919913053512573
140 48152.31631752 5.08378005027771
140 46742.04968152 5.085653066635132
140 46454.43380752 6.868938684463501
140 44677.99961015 4.794043064117432
140 46719.18907609 4.629645109176636
140 46818.59888152 4.244236469268799
140 46454.43380752 4.836892604827881
140 52566.473479709995 4.780527591705322
140 46691.43862109 5.108113527297974
140 52566.473479709995 5.252947092056274
140 53685.30586908 4.80372428894043
140 48152.31631752 5.119700193405151
140 48152.31631752 5.059054851531982
140 52566.473479709995 4.922930002212524
140 47150.124306540005 4.991923093795776
140 48152.31631752 4.817996978759766
140 48152.31631752 4.939512729644775
150 48152.31631752 5.41723108291626
150 51835.98403754 4.90302848815918
150 46719.18907609 5.143561601638794
150 52566.473479709995 4.88768196105957
150 52385.617662079996 4.876845121383667
150 52566.473479709995 4.88258695602417
150 46742.04968152 5.637792348861694
150 53437.847596709995 4.6277313232421875
150 47226.880962459996 4.936678409576416
150 47150.124306540005 4.533812046051025
150 49432.188977540005 5.000254392623901
150 51835.98403754 5.0201311111450195
150 52566.473479709995 4.703076124191284
150 46818.59888152 5.578015327453613
150 47150.124306540005 4.61350679397583
150 54091.76650208 4.946640968322754
150 49196.51021254 5.192566871643066
150 49196.51021254 5.485196828842163
150 49432.18897754 4.983796834945679
150 46818.59888152 5.2986369132995605
150 54091.76650208 4.857447147369385
150 47147.99017846 5.334609746932983
150 54091.76650208 5.256424427032471
150 46778.218496090005 4.968424081802368
150 48152.31631752 5.59986424446106
150 46818.59888152 4.96575140953064
150 47147.99017846 4.949672698974609
150 49432.188977540005 4.656924724578857
150 47150.124306540005 5.006134748458862
150 48152.31631752 5.371376037597656
160 47147.99017846 6.085336923599243
160 51835.984037539994 5.495580673217773
160 46818.59888152 5.327336549758911
160 51979.15702908 5.246119976043701
160 46719.18907609 5.323086738586426
160 47147.99017846001 5.161717653274536
160 49647.01363491001 5.369084596633911
160 53685.305869079995 5.3031275272369385
160 52176.71579091 5.917252063751221
160 48934.18079655 5.046303033828735
160 51835.984037539994 5.838809013366699
160 54091.76650208 5.290727853775024
160 49432.18897754 5.696490526199341
160 43527.76272936 5.571040391921997
160 52176.71579091 5.2187724113464355
160 52385.617662079996 5.785143852233887
160 51835.98403754 5.584999322891235
160 48152.31631752 5.171299457550049
160 47147.99017846 5.165551662445068
160 53437.847596709995 5.7512476444244385
160 49647.01363491 6.289567470550537
160 47226.880962459996 6.302196264266968
160 51669.023904539994 10.058768510818481
160 49647.01363491 6.6504552364349365
160 48934.18079655 5.855023622512817
160 51979.15702908 6.14544677734375
160 52176.71579091 5.6905763149261475
160 54091.76650208 5.596914768218994
160 48934.180796550005 5.736723184585571
160 47226.880962459996 5.54607892036438
170 50286.146617909995 7.604243516921997
170 53437.847596709995 6.005037784576416
170 51979.15702908 5.821637392044067
170 48152.31631752 6.383578062057495
170 51669.023904539994 5.6400370597839355
170 52566.47347971 5.521425485610962
170 52566.47347971 5.619905233383179
170 46778.218496090005 5.832943439483643
170 52176.71579091 6.23114013671875
170 49196.51021253999 5.860658168792725
170 52176.71579091 5.223946809768677
170 46818.59888152 6.113579511642456
170 51835.984037539994 5.736036539077759
170 51669.023904539994 6.221293926239014
170 49196.51021253999 5.495134353637695
170 46691.43862109 6.124809503555298
170 52176.71579091 5.600379467010498
170 48152.31631752 5.322051525115967
170 52176.71579091 5.7361228466033936
170 48152.31631752 6.069943428039551
170 50603.20651355 6.080046892166138
170 52566.473479709995 6.394275188446045
170 52385.617662079996 6.325243234634399
170 47345.35752646 6.925409555435181
170 47150.124306540005 6.751063823699951
170 49632.22771254 5.882560729980469
170 46742.04968152 6.1255083084106445
170 48152.31631752 5.71319055557251
170 49432.18897754 5.530750274658203
170 50286.146617909995 5.6565258502960205
180 53437.847596709995 5.864707946777344
180 52566.47347971 8.948287963867188
180 52566.47347971 6.575505495071411
180 51835.98403754 7.476998329162598
180 52566.47347971 6.001483201980591
180 52385.617662079996 6.3511576652526855
180 52566.47347971 6.336785078048706
180 48152.31631752 6.01375412940979
180 48152.31631752 6.089658737182617
180 52176.71579091 5.913023948669434
180 51835.98403754 5.9970855712890625
180 46818.59888152 6.166350364685059
180 54091.76650208 6.012031078338623
180 48152.31631752 6.566368818283081
180 48152.31631752 5.5234880447387695
180 46778.218496090005 6.334232807159424
180 49647.01363491001 5.581027507781982
180 54091.76650208 8.211429119110107
180 48152.31631752 5.599612236022949
180 51669.023904539994 5.7310471534729
180 49432.188977540005 6.056710958480835
180 51979.15702908 6.202037572860718
180 54091.76650208 6.052629232406616
180 52566.473479709995 7.76834774017334
180 48152.31631752 7.422781229019165
180 49432.188977540005 6.074979305267334
180 53685.30586908 6.70619010925293
180 46818.59888152 6.170401334762573
180 49196.51021253999 6.553175926208496
180 52385.617662079996 5.896114349365234
190 46778.218496090005 6.457913637161255
190 47226.880962459996 6.482522249221802
190 51979.15702908 5.700256109237671
190 48152.31631752 6.3858482837677
190 47147.99017846 6.259955644607544
190 48152.31631752 6.270158529281616
190 53437.847596709995 5.992678880691528
190 50286.146617909995 7.519421100616455
190 50286.146617909995 7.866417169570923
190 46818.59888152 7.767609119415283
190 49196.51021254 8.183261632919312
190 51979.15702908 6.485941648483276
190 49432.188977540005 7.07439398765564
190 53437.847596709995 7.558278799057007
190 49432.18897754 6.852602481842041
190 46818.59888152 6.9093804359436035
190 48934.18079655 6.749943494796753
190 47345.35752646 7.511415243148804
190 52176.71579091 6.530789375305176
190 53685.305869079995 7.382814407348633
190 47147.99017846001 7.32631778717041
190 51979.15702908 6.287799835205078
190 48152.31631752 6.2099902629852295
190 48934.18079655 7.454678773880005
190 48152.31631752 6.357910394668579
190 48152.31631752 6.9324586391448975
190 49647.01363491 6.8158135414123535
190 48152.31631752 6.724267482757568
190 52176.71579091 6.535610914230347
190 51979.15702908 6.8990325927734375
200 53685.30586908 7.340449810028076
200 46691.43862109 6.880324125289917
200 52566.47347971 6.121658802032471
200 51979.15702908 7.025883674621582
200 51835.984037539994 6.745547533035278
200 46778.218496090005 6.836880922317505
200 52566.473479709995 6.5853590965271
200 46818.59888152 6.7565295696258545
200 54091.76650208 6.7267608642578125
200 46818.59888152 7.386462211608887
200 54091.76650208 6.525914907455444
200 52566.473479709995 7.118549108505249
200 49196.51021253999 6.679418563842773
200 49432.188977540005 6.99249792098999
200 48152.31631752 6.721691370010376
200 48152.31631752 6.558233261108398
200 47345.35752646 6.548464298248291
200 48152.31631752 6.456688165664673
200 54091.76650208 6.406649589538574
200 46818.59888152 6.921432971954346
200 53685.305869079995 6.799497127532959
200 49432.18897754 6.548364162445068
200 52566.473479709995 6.250856399536133
200 49432.188977540005 6.492605447769165
200 53437.847596709995 6.557575225830078
200 47147.99017846001 6.369284152984619
200 46818.59888152 6.556988477706909
200 52176.71579091 7.095355272293091
200 49632.22771254 6.414705276489258
200 49632.22771254 6.667496204376221
