10 25369.33194189 0.470583438873291
10 17040.7059947 0.4353153705596924
10 15179.1955873 0.6345968246459961
10 13762.95305088 0.5160789489746094
10 22755.157259400003 0.6210806369781494
10 22905.17441996 0.6706423759460449
10 17159.96554894 0.45044636726379395
10 23414.84821296 0.5236489772796631
10 22905.17441996 0.600308895111084
10 16736.94080233 0.4934382438659668
10 16821.15407254 0.5120651721954346
10 17503.46592433 0.6400489807128906
10 22905.17441996 0.5023751258850098
10 19434.73184853 0.5637016296386719
10 23526.80182698 0.4766676425933838
10 17159.96554894 0.515556812286377
10 22905.17441996 0.6045491695404053
10 18718.40291571 0.5317842960357666
10 17159.96554894 0.5891468524932861
10 17216.6334967 0.47501444816589355
10 17778.44511735 0.49350571632385254
10 18439.98033151 0.6184351444244385
10 21992.0286874 0.47570157051086426
10 23414.84821296 0.5140724182128906
10 23414.84821296 0.6288089752197266
10 19434.73184853 0.5219545364379883
10 21872.8197804 0.6152207851409912
10 17693.57931694 0.5106933116912842
10 19579.940615339998 0.5294101238250732
10 34207.543927700004 0.6889004707336426
20 22424.598198400003 1.0223331451416016
20 17503.46592433 1.063718318939209
20 17159.96554894 1.0306267738342285
20 22489.722535660003 1.1894946098327637
20 23414.84821296 1.0105352401733398
20 22905.17441996 1.0646865367889404
20 21627.286425879996 1.0785973072052002
20 23157.711355370004 1.075549602508545
20 17391.665702090002 1.0165951251983643
20 23414.84821296 1.1031954288482666
20 17946.11625235 1.1540615558624268
20 26221.0867833 0.9655148983001709
20 22905.17441996 1.0947456359863281
20 17607.6191997 1.0202407836914062
20 29688.25811681 1.0753324031829834
20 17159.96554894 0.8607950210571289
20 22519.30248574 1.1285135746002197
20 17643.35310923 1.1415126323699951
20 22755.157259400003 1.2089929580688477
20 22905.17441996 1.1020793914794922
20 18184.78914771 1.0169968605041504
20 22905.17441996 1.07535982131958
20 19434.73184853 1.0372631549835205
20 18718.40291571 1.1511151790618896
20 23157.711355370004 0.9113764762878418
20 22449.6233984 1.106330394744873
20 21464.89893689 1.1262001991271973
20 22905.17441996 1.1395659446716309
20 17159.96554894 0.9824364185333252
20 22449.6233984 1.037064552307129
30 23414.84821296 1.6330814361572266
30 23157.711355370004 1.5451834201812744
30 23157.711355370004 1.619112253189087
30 23157.711355370004 1.5924580097198486
30 17391.665702090002 1.4248015880584717
30 24492.93763558 1.6306111812591553
30 22424.598198400003 1.7427432537078857
30 23414.84821296 1.5268075466156006
30 23157.711355370004 1.6832165718078613
30 18906.53087751 1.5284781455993652
30 22489.722535660003 1.6066720485687256
30 24878.63069522 1.6080496311187744
30 25896.20271731 1.6924786567687988
30 21464.89893689 1.462923288345337
30 27540.93513322 1.5663650035858154
30 22905.17441996 1.5606703758239746
30 22905.17441996 1.5677366256713867
30 23157.711355370004 1.4579663276672363
30 17391.665702090002 1.4989221096038818
30 22489.722535660003 1.5950348377227783
30 26178.55581757 1.7336716651916504
30 21586.991269770002 1.48195219039917
30 22905.17441996 1.5375001430511475
30 23414.84821296 1.5136370658874512
30 22905.17441996 1.5615754127502441
30 17970.016470330003 1.4986107349395752
30 22905.17441996 1.6306126117706299
30 23414.84821296 1.6865615844726562
30 17693.57931694 1.5143969058990479
30 21742.2799334 1.5595135688781738
40 23414.84821296 2.0979294776916504
40 25602.607214890002 2.031391143798828
40 22905.17441996 2.2708027362823486
40 25602.607214890002 2.083022356033325
40 23157.71135537 2.17714786529541
40 23414.84821296 2.090484857559204
40 22905.17441996 1.9999549388885498
40 25602.607214890002 2.0321617126464844
40 24613.182303579997 2.2009119987487793
40 17693.57931694 2.1178150177001953
40 22905.17441996 2.2284061908721924
40 28314.94627527 1.9724574089050293
40 23414.84821296 2.0881762504577637
40 22905.17441996 1.9971115589141846
40 17629.386839339997 2.083085060119629
40 23157.71135537 1.9961276054382324
40 22905.17441996 2.190944194793701
40 26330.246827940002 2.0700788497924805
40 19434.73184853 1.9129884243011475
40 22489.722535660003 2.1057796478271484
40 21557.94015404 1.849447250366211
40 23414.84821296 2.0231311321258545
40 20478.88582417 2.0947136878967285
40 22489.722535660003 2.054560422897339
40 22824.9556094 1.909775972366333
40 17693.57931694 2.0653250217437744
40 25369.33194189 1.9433629512786865
40 23414.84821296 2.1355671882629395
40 22017.51203777 1.9458560943603516
40 22178.3536414 2.046203374862671
50 26627.77517391 2.6037509441375732
50 23156.663121930003 2.545518398284912
50 24986.069380890003 2.6570796966552734
50 23404.606973659997 2.526273727416992
50 23157.711355370004 2.690161943435669
50 26018.4999963 2.710624933242798
50 23414.84821296 2.584693670272827
50 18439.98033151 2.4643094539642334
50 22905.17441996 2.576122522354126
50 25987.811510300002 2.587360143661499
50 22905.17441996 2.6073899269104004
50 33414.51405435 2.5902280807495117
50 18011.720390349998 2.587956666946411
50 22988.14260875 2.528459072113037
50 28314.94627527 2.5315263271331787
50 19633.28735371 2.3991689682006836
50 23523.653988370002 2.424374580383301
50 24224.91208537 2.576856851577759
50 19633.28735371 2.722461700439453
50 24986.069380890003 2.691237211227417
50 30856.847745339997 2.5237209796905518
50 23414.84821296 2.573725938796997
50 20068.39698833 2.5216264724731445
50 23157.711355370004 2.53395414352417
50 21508.6724714 2.789802074432373
50 23414.84821296 2.291612386703491
50 22424.598198400003 2.8539464473724365
50 22424.598198400003 2.615419387817383
50 23414.84821296 2.617018222808838
50 22905.17441996 2.716060161590576
60 22017.51203777 3.12113094329834
60 23157.711355370004 3.1360418796539307
60 22489.722535660003 3.3185982704162598
60 25602.607214890002 3.084700107574463
60 23414.84821296 3.12331223487854
60 25604.548949300002 3.0283689498901367
60 23414.84821296 3.2725608348846436
60 23194.93312696 2.962005138397217
60 22905.17441996 2.9935293197631836
60 22905.17441996 3.208253860473633
60 23718.382820979998 3.248716354370117
60 21464.89893689 3.085094928741455
60 24986.069380890003 3.138669013977051
60 24613.18230358 3.205364465713501
60 23414.84821296 3.1303024291992188
60 22905.17441996 3.0563223361968994
60 20528.77938674 3.0879123210906982
60 26473.70759722 2.971229314804077
60 24492.93763558 3.0175249576568604
60 23157.711355370004 3.1816670894622803
60 23414.84821296 3.1336464881896973
60 23157.711355370004 2.8578379154205322
60 22905.17441996 3.284785747528076
60 23414.84821296 3.1005985736846924
60 24613.182303579997 3.1071579456329346
60 23414.84821296 3.0187463760375977
60 28314.94627527 2.8813376426696777
60 23445.26603896 3.294065237045288
60 17876.628382230003 2.981520414352417
60 24613.18230358 2.9964218139648438
70 24986.069380890003 3.6319570541381836
70 26019.66704917 3.718078374862671
70 23414.84821296 3.591020345687866
70 23414.84821296 3.641632080078125
70 24099.925178370002 3.63897442817688
70 25987.811510300002 3.6016952991485596
70 23414.84821296 3.646247386932373
70 22646.98932893 3.6866157054901123
70 27540.93513322 3.612368583679199
70 26841.06356976 4.180066108703613
70 24613.182303579997 4.3086912631988525
70 22905.17441996 3.8799009323120117
70 28314.94627527 3.715191602706909
70 24844.882456730003 4.509622097015381
70 24986.069380890003 4.138272762298584
70 21711.97817677 3.799281120300293
70 22905.17441996 3.9336447715759277
70 24613.18230358 3.705287218093872
70 27540.93513322 3.694505214691162
70 23157.711355370004 3.6147375106811523
70 23414.84821296 3.6151480674743652
70 23414.84821296 3.6505637168884277
70 23414.84821296 3.426703929901123
70 22905.17441996 3.6506288051605225
70 23157.711355370004 3.577521562576294
70 23414.84821296 3.4223203659057617
70 23404.606973660004 3.513824462890625
70 21706.200176770002 3.71582293510437
70 23157.711355370004 3.3911218643188477
70 23414.84821296 3.503890037536621
80 24844.882456730003 4.103676795959473
80 24613.18230358 4.141182899475098
80 23414.84821296 4.365550518035889
80 23523.653988370002 4.224339246749878
80 23414.84821296 4.261704206466675
80 22489.722535660003 4.315391540527344
80 28314.946275269995 3.8852338790893555
80 23301.35597742 4.451509714126587
80 21464.89893689 4.972768545150757
80 21130.56566377 4.633021831512451
80 24613.18230358 5.112103462219238
80 23414.84821296 4.233014345169067
80 23414.84821296 3.9992101192474365
80 28314.946275269995 4.080776214599609
80 24146.60541321 4.231143474578857
80 23414.84821296 4.292822599411011
80 23130.489470400003 4.1957855224609375
80 26324.13708037 4.879883289337158
80 23157.711355370004 4.2083423137664795
80 23929.998018730003 4.089090824127197
80 24613.182303579997 4.1762940883636475
80 21464.89893689 4.2905426025390625
80 25369.33194189 4.309070110321045
80 22905.17441996 3.958451509475708
80 23404.606973659997 4.195929765701294
80 24755.859739730004 3.9995956420898438
80 18718.40291571 3.99888277053833
80 24613.182303579997 3.9921934604644775
80 23414.84821296 4.0641186237335205
80 22489.722535660003 3.862700939178467
90 24613.18230358 4.627228260040283
90 23157.711355370004 4.616368532180786
90 25987.811510300002 4.510482549667358
90 23414.84821296 4.5738654136657715
90 29923.078362570002 4.505028009414673
90 25604.548949300002 4.3961498737335205
90 24613.18230358 4.74089789390564
90 24613.18230358 4.428556203842163
90 23414.84821296 4.795713186264038
90 25221.286388300003 5.595751523971558
90 23414.84821296 5.386017322540283
90 17700.05788554 4.853454828262329
90 23589.56743233 5.206065654754639
90 25272.701262280003 5.811420917510986
90 25369.33194189 5.452663898468018
90 24613.182303579997 5.0923261642456055
90 23853.000292369998 4.799994707107544
90 23414.84821296 4.7770092487335205
90 22905.17441996 5.04681921005249
90 24844.882456730003 4.5157811641693115
90 23929.998018730003 4.594120025634766
90 23414.84821296 4.906846284866333
90 22905.17441996 4.7609474658966064
90 23414.84821296 4.993843078613281
90 23404.606973660004 4.55409836769104
90 23404.606973660004 4.419840335845947
90 24613.18230358 4.615322828292847
90 23414.84821296 4.603298902511597
90 24613.182303579997 4.626363277435303
90 22905.17441996 4.840605974197388
100 24844.882456729996 5.0448691844940186
100 23157.71135537 5.364744663238525
100 25602.607214890002 5.089443206787109
100 22905.17441996 5.147213459014893
100 22248.151991400002 4.926832914352417
100 23523.653988370002 5.002160310745239
100 24311.73001791 5.185620069503784
100 24811.22830568 4.899147272109985
100 23414.84821296 4.997543811798096
100 24089.430472400003 5.605669260025024
100 23445.266038960002 5.243849754333496
100 23188.58532066 5.392514944076538
100 25602.607214890002 5.78055739402771
100 23404.606973659997 5.509432315826416
100 25122.85609658 5.445202589035034
100 23404.606973659997 4.870064735412598
100 25795.237829659996 5.996061325073242
100 24613.182303579997 5.369334936141968
100 26627.775173910002 5.345092296600342
100 23404.606973659997 4.983292818069458
100 25369.331941890003 5.622084140777588
100 23157.71135537 4.99451470375061
100 22905.17441996 5.031448602676392
100 28314.94627527 4.898789167404175
100 26178.55581757 4.805640459060669
100 27540.93513322 5.2221362590789795
100 24613.18230358 5.021084547042847
100 23404.606973660004 4.969238996505737
100 24097.660856639995 5.166837453842163
100 23531.99802998 5.129256248474121
110 26627.77517391 5.980849742889404
110 22905.17441996 5.780460834503174
110 25987.811510300002 5.5547935962677
110 23414.84821296 5.95000147819519
110 28083.24612212 5.477055788040161
110 23414.84821296 5.559520483016968
110 26627.77517391 5.7199249267578125
110 25987.811510300002 5.458801031112671
110 23404.606973660004 5.612191438674927
110 22905.17441996 5.551982879638672
110 24405.38337351 5.574619293212891
110 27257.66413982 5.733309030532837
110 22905.17441996 5.819142580032349
110 23404.606973659997 5.409555196762085
110 23445.26603896 5.480244398117065
110 23414.84821296 5.417647838592529
110 25369.331941890003 5.4438464641571045
110 23414.84821296 5.412682771682739
110 23414.84821296 5.540746212005615
110 23414.84821296 5.5238683223724365
110 23414.84821296 5.585723638534546
110 23756.92926137 5.54912257194519
110 32218.91646824 5.52842378616333
110 24206.07016937 5.536914587020874
110 23414.84821296 5.598414421081543
110 24613.18230358 5.5373194217681885
110 27540.93513322 5.759008884429932
110 25369.331941890003 5.513949632644653
110 23709.81210033 5.845836877822876
110 22905.17441996 5.967786073684692
120 25369.33194189 6.106905937194824
120 25602.607214890002 6.188045978546143
120 23157.711355370004 6.168708324432373
120 21884.76995804 6.1276915073394775
120 22905.17441996 6.284407615661621
120 23686.56027283 6.092105150222778
120 23414.84821296 6.044604063034058
120 25896.20271731 6.040440082550049
120 24529.86797421 5.994596004486084
120 23536.71387413 6.071271896362305
120 24613.182303579997 6.253785133361816
120 23414.84821296 5.856837749481201
120 23414.84821296 6.172504425048828
120 23414.84821296 5.998255968093872
120 23404.606973659997 6.12281060218811
120 24880.35339166 5.959008455276489
120 27491.558453780002 5.964479684829712
120 23929.998018730003 5.847510099411011
120 23157.711355370004 5.921230316162109
120 24844.882456729996 5.904935598373413
120 24613.182303579997 6.017427206039429
120 23414.84821296 5.979511260986328
120 27182.44864504 6.233479261398315
120 22905.17441996 6.0483269691467285
120 24986.06938089 6.02916145324707
120 23414.84821296 6.107917070388794
120 24613.182303579997 6.0414581298828125
120 23414.84821296 6.264106035232544
120 23414.84821296 7.196301698684692
120 27478.675405619997 7.746161222457886
130 27485.98942297 7.304873466491699
130 23414.84821296 6.61818528175354
130 23414.84821296 6.536745309829712
130 22905.17441996 6.4666078090667725
130 23414.84821296 6.453230142593384
130 24613.182303579997 6.53571081161499
130 23756.92926137 6.371306657791138
130 23557.755897 6.669255971908569
130 26330.24682794 6.334801197052002
130 26021.18962431 6.363202810287476
130 23603.16247884 6.736921072006226
130 25369.331941890003 6.329433917999268
130 23929.998018730003 6.861215829849243
130 23929.998018730003 6.3808159828186035
130 24844.882456730003 6.390988111495972
130 28314.94627527 6.518072605133057
130 24613.18230358 6.4568750858306885
130 23898.92977498 6.49789571762085
130 26076.52056681 6.681641578674316
130 23404.606973659997 6.497108697891235
130 27034.0550438 6.328880548477173
130 22905.17441996 6.391530513763428
130 24613.18230358 6.665374279022217
130 25790.06117331 6.648374557495117
130 24844.882456729996 6.322184801101685
130 22905.17441996 6.715074777603149
130 19461.755284770003 6.318540334701538
130 25987.811510300002 6.821634292602539
130 25837.8242223 6.63120698928833
130 23404.606973659997 6.5517518520355225
140 23414.84821296 7.216124057769775
140 23414.84821296 6.913576602935791
140 23929.998018730003 6.862144231796265
140 26473.70759722 7.185246229171753
140 29105.121396500002 6.8722405433654785
140 27239.021518370002 6.927903413772583
140 31895.633825570003 7.306318759918213
140 25369.331941890003 6.952093124389648
140 23414.84821296 7.094550609588623
140 23172.90682051 7.083364009857178
140 26473.70759722 6.825031042098999
140 23414.84821296 6.9495837688446045
140 24492.93763558 7.032144784927368
140 23414.84821296 6.9502856731414795
140 28403.74953955 6.957048416137695
140 24613.18230358 7.109974384307861
140 24103.469758659998 7.12424111366272
140 27400.061837269997 7.303609609603882
140 23445.266038960002 7.016135931015015
140 23157.711355370004 6.88600754737854
140 24613.18230358 6.975449562072754
140 23404.606973660004 7.145792484283447
140 25604.5489493 6.99262809753418
140 26627.77517391 7.64370322227478
140 24986.06938089 9.187398910522461
140 23172.90682051 8.08643889427185
140 23414.84821296 7.3235039710998535
140 24844.882456729996 7.0756471157073975
140 25987.811510300002 7.366305828094482
140 24492.93763558 7.354191064834595
150 23414.84821296 8.654659986495972
150 24613.18230358 7.934459686279297
150 24986.06938089 8.46990442276001
150 25369.33194189 7.682370185852051
150 23414.84821296 7.811964988708496
150 25094.150582399998 7.497881650924683
150 23414.84821296 7.663806915283203
150 24613.18230358 7.2771992683410645
150 27646.3605468 7.651394367218018
150 24976.874425399998 7.693645715713501
150 28893.69503823 7.62822413444519
150 24644.60589052 7.668398857116699
150 23404.606973659997 7.702311277389526
150 25604.548949300002 7.1821653842926025
150 24613.18230358 7.760420560836792
150 24103.469758659998 7.356419801712036
150 24103.469758659998 7.633923053741455
150 23157.71135537 7.443162441253662
150 24652.480551170003 7.826502561569214
150 22905.17441996 7.559341192245483
150 24613.182303579997 7.406098365783691
150 22905.17441996 7.761091947555542
150 25369.33194189 8.31831669807434
150 22905.17441996 8.073569774627686
150 23414.84821296 8.541444063186646
150 30934.094962080002 8.638970375061035
150 23157.711355370004 9.682997465133667
150 24986.069380890003 8.59662389755249
150 24844.882456730003 7.63354229927063
150 24844.882456729996 7.436699390411377
160 25604.548949300002 8.061978101730347
160 25369.33194189 8.35119104385376
160 23414.84821296 8.113295793533325
160 23414.84821296 7.9838783740997314
160 23414.84821296 8.25269103050232
160 24613.18230358 8.303368091583252
160 23157.711355370004 8.120732069015503
160 23157.711355370004 7.904865741729736
160 27239.021518370002 7.866624116897583
160 28403.74953955 8.051669359207153
160 23157.711355370004 8.078600645065308
160 25987.811510300002 8.189341068267822
160 23414.84821296 8.163909912109375
160 24844.882456730003 8.007559061050415
160 23414.84821296 7.922014236450195
160 25602.607214890002 8.098084449768066
160 23641.807770129995 7.882761001586914
160 25604.5489493 7.999202728271484
160 24815.45130477 8.126548290252686
160 30984.540504809996 8.350836277008057
160 27540.93513322 7.989974498748779
160 27239.021518370002 7.988567352294922
160 23929.998018730003 8.109877347946167
160 26018.499996299997 8.09604549407959
160 25369.33194189 7.96452522277832
160 23157.71135537 7.964558124542236
160 28403.74953955 8.104106426239014
160 23414.84821296 7.957352161407471
160 24844.882456730003 7.687987327575684
160 29665.29150657 8.055530786514282
170 23414.84821296 8.526724815368652
170 26702.720652639997 8.412426471710205
170 24613.182303579997 9.371659278869629
170 22905.17441996 9.176830053329468
170 24613.18230358 10.171678304672241
170 24613.18230358 9.991849422454834
170 27152.204605670002 9.484870195388794
170 26221.0867833 9.206284999847412
170 24844.882456730003 9.615716695785522
170 26413.72052353 9.591646671295166
170 24613.18230358 9.599916219711304
170 23140.39142737 9.61603307723999
170 24844.882456730003 8.787151575088501
170 23200.06526571 8.95077395439148
170 23414.84821296 9.415228605270386
170 24613.182303579997 9.45646333694458
170 25987.811510300002 9.54621696472168
170 26473.70759722 9.095723152160645
170 23414.84821296 9.240847110748291
170 22905.17441996 9.871559143066406
170 26627.77517391 10.248271226882935
170 23404.606973659997 9.601933240890503
170 28314.946275269995 9.390827894210815
170 25602.607214890002 9.598813772201538
170 25720.407607769997 9.309936761856079
170 25503.699196 9.2887122631073
170 25987.811510300002 9.050414323806763
170 23929.998018730003 9.491616010665894
170 23929.998018730003 9.790679931640625
170 22905.17441996 8.910250186920166
180 23414.84821296 9.010289430618286
180 24766.771469400002 9.260079145431519
180 23404.606973659997 8.97083568572998
180 24844.882456729996 9.004792213439941
180 23929.998018730003 10.061337232589722
180 26627.77517391 9.339073419570923
180 25602.607214890002 9.646498680114746
180 23414.84821296 9.599992036819458
180 25094.1505824 9.795048713684082
180 27061.302795450003 9.41677737236023
180 25065.52741077 9.703394651412964
180 23414.84821296 9.769593000411987
180 24103.469758659998 9.435384273529053
180 26473.70759722 9.983119010925293
180 24613.18230358 10.097359418869019
180 28314.946275269995 9.964603900909424
180 28314.94627527 9.598236322402954
180 27776.152140629998 9.828794240951538
180 23414.84821296 9.755134344100952
180 24844.882456729996 10.249949216842651
180 24844.882456730003 10.476316213607788
180 25790.06117331 9.539701700210571
180 24613.18230358 9.661118030548096
180 26447.569428950002 10.025391101837158
180 26594.612171110002 9.763306617736816
180 25602.607214890002 9.462499380111694
180 22905.17441996 9.26489782333374
180 32471.45340365 9.777480602264404
180 22905.17441996 9.61033582687378
180 28083.246122119996 9.546147584915161
190 23414.84821296 10.346668720245361
190 23414.84821296 9.831855058670044
190 23414.84821296 10.226497173309326
190 31108.37399167 10.399768829345703
190 27540.93513322 10.089170455932617
190 25602.607214890002 10.257012605667114
190 24613.182303579997 9.91244649887085
190 23157.711355370004 10.16763949394226
190 23414.84821296 10.149181842803955
190 25987.811510300002 10.132653951644897
190 29665.29150657 9.790228128433228
190 22637.8811024 10.094568967819214
190 23445.266038960002 9.944773197174072
190 25369.33194189 10.1166410446167
190 26562.66897477 10.229578733444214
190 26627.77517391 10.032548427581787
190 32218.91646824 9.982365369796753
190 23404.606973660004 10.520020723342896
190 27540.93513322 10.017649173736572
190 25369.33194189 10.221030712127686
190 23414.84821296 10.026697397232056
190 25418.77911948 10.155900001525879
190 23929.998018730003 9.64995551109314
190 26039.803310299998 10.01044511795044
190 25795.237829659996 9.859842777252197
190 24986.06938089 10.212693929672241
190 28314.94627527 10.125962734222412
190 25835.501633400003 10.152400493621826
190 23404.606973660004 9.896825551986694
190 27540.93513322 9.908584117889404
200 23414.84821296 10.499852418899536
200 23460.46626498 10.3702552318573
200 32218.91646824 10.783947229385376
200 23414.84821296 10.309667110443115
200 25987.811510300002 10.834283351898193
200 24342.83472354 11.862029790878296
200 25987.811510300002 11.422789812088013
200 23414.84821296 10.953234195709229
200 25369.33194189 11.225551843643188
200 24613.18230358 11.333173990249634
200 24844.882456729996 10.720066785812378
200 24969.56896263 10.817391633987427
200 24844.882456730003 10.63799262046814
200 23414.84821296 10.806315898895264
200 28314.94627527 10.527750253677368
200 34878.25319308 10.219663143157959
200 28083.24612212 10.483922481536865
200 25602.607214890002 10.70395565032959
200 23414.84821296 11.936261892318726
200 23929.998018730003 11.529699325561523
200 25604.548949300002 11.986724138259888
200 23414.84821296 10.726723194122314
200 27103.103840800002 10.75768756866455
200 23414.84821296 10.547790050506592
200 24986.06938089 10.33945608139038
200 24844.882456730003 10.679474115371704
200 24492.93763558 10.679571628570557
200 27061.302795450003 10.940078496932983
200 23157.71135537 10.759376049041748
200 26808.765860040003 10.357343196868896
